1,0.9927,0.99989,0.99992,0.99999
1.0175,0.99244,0.99988,0.99992,0.99999
1.0352,0.99217,0.99988,0.99992,0.99999
1.0533,0.9919,0.99987,0.99991,0.99999
1.0717,0.99161,0.99987,0.99991,0.99999
1.0904,0.99132,0.99986,0.99991,0.99999
1.1095,0.99101,0.99986,0.9999,0.99999
1.1288,0.9907,0.99985,0.9999,0.99999
1.1486,0.99037,0.99985,0.9999,0.99999
1.1686,0.99003,0.99984,0.99989,0.99999
1.189,0.98968,0.99984,0.99989,0.99999
1.2098,0.98932,0.99983,0.99989,0.99999
1.2309,0.98895,0.99983,0.99988,0.99999
1.2524,0.98856,0.99982,0.99988,0.99998
1.2743,0.98816,0.99981,0.99987,0.99998
1.2965,0.98774,0.99981,0.99987,0.99998
1.3192,0.98731,0.9998,0.99986,0.99998
1.3422,0.98687,0.99979,0.99986,0.99998
1.3656,0.98641,0.99979,0.99985,0.99998
1.3895,0.98593,0.99978,0.99985,0.99998
1.4138,0.98543,0.99977,0.99984,0.99998
1.4384,0.98492,0.99976,0.99984,0.99998
1.4636,0.9844,0.99976,0.99983,0.99998
1.4891,0.98385,0.99975,0.99983,0.99998
1.5151,0.98328,0.99974,0.99982,0.99998
1.5416,0.9827,0.99973,0.99981,0.99998
1.5685,0.98209,0.99972,0.99981,0.99998
1.5959,0.98146,0.99971,0.9998,0.99998
1.6238,0.98081,0.9997,0.99979,0.99997
1.6521,0.98014,0.99969,0.99979,0.99997
1.681,0.97944,0.99968,0.99978,0.99997
1.7103,0.97873,0.99967,0.99977,0.99997
1.7402,0.97798,0.99965,0.99976,0.99997
1.7706,0.97721,0.99964,0.99976,0.99997
1.8015,0.97641,0.99963,0.99975,0.99997
1.833,0.97559,0.99962,0.99974,0.99997
1.865,0.97473,0.9996,0.99973,0.99997
1.8976,0.97385,0.99959,0.99972,0.99997
1.9307,0.97294,0.99957,0.99971,0.99996
1.9644,0.97199,0.99956,0.9997,0.99996
1.9987,0.97101,0.99954,0.99969,0.99996
2.0336,0.97,0.99953,0.99968,0.99996
2.0691,0.96895,0.99951,0.99967,0.99996
2.1053,0.96787,0.99949,0.99965,0.99996
2.142,0.96675,0.99948,0.99964,0.99996
2.1794,0.96559,0.99946,0.99963,0.99995
2.2175,0.96439,0.99944,0.99962,0.99995
2.2562,0.96315,0.99942,0.9996,0.99995
2.2956,0.96187,0.9994,0.99959,0.99995
2.3357,0.96054,0.99938,0.99957,0.99995
2.3765,0.95916,0.99935,0.99956,0.99995
2.418,0.95774,0.99933,0.99954,0.99994
2.4602,0.95627,0.99931,0.99953,0.99994
2.5032,0.95475,0.99928,0.99951,0.99994
2.5469,0.95318,0.99926,0.99949,0.99994
2.5914,0.95155,0.99923,0.99948,0.99993
2.6367,0.94987,0.99921,0.99946,0.99993
2.6827,0.94813,0.99918,0.99944,0.99993
2.7295,0.94633,0.99915,0.99942,0.99993
2.7772,0.94447,0.99912,0.9994,0.99993
2.8257,0.94255,0.99909,0.99938,0.99992
2.8751,0.94056,0.99905,0.99935,0.99992
2.9253,0.9385,0.99902,0.99933,0.99992
2.9764,0.93638,0.99899,0.99931,0.99991
3.0283,0.93418,0.99895,0.99928,0.99991
3.0812,0.9319,0.99891,0.99926,0.99991
3.135,0.92955,0.99888,0.99923,0.9999
3.1898,0.92712,0.99884,0.9992,0.9999
3.2455,0.92461,0.9988,0.99918,0.9999
3.3022,0.92202,0.99875,0.99915,0.99989
3.3598,0.91933,0.99871,0.99912,0.99989
3.4185,0.91656,0.99866,0.99909,0.99989
3.4782,0.91369,0.99862,0.99905,0.99988
3.5389,0.91072,0.99857,0.99902,0.99988
3.6007,0.90766,0.99852,0.99899,0.99987
3.6636,0.9045,0.99847,0.99895,0.99987
3.7276,0.90122,0.99841,0.99891,0.99987
3.7927,0.89784,0.99836,0.99888,0.99986
3.8589,0.89435,0.9983,0.99884,0.99986
3.9263,0.89074,0.99824,0.99879,0.99985
3.9949,0.88701,0.99818,0.99875,0.99985
4.0646,0.88316,0.99811,0.99871,0.99984
4.1356,0.87919,0.99805,0.99866,0.99983
4.2078,0.87508,0.99798,0.99862,0.99983
4.2813,0.87083,0.99791,0.99857,0.99982
4.3561,0.86645,0.99783,0.99852,0.99982
4.4322,0.86192,0.99775,0.99846,0.99981
4.5096,0.85725,0.99768,0.99841,0.9998
4.5883,0.85242,0.99759,0.99835,0.9998
4.6685,0.84744,0.99751,0.9983,0.99979
4.75,0.84229,0.99742,0.99824,0.99978
4.8329,0.83698,0.99733,0.99817,0.99977
4.9173,0.8315,0.99724,0.99811,0.99977
5.0032,0.82585,0.99714,0.99804,0.99976
5.0906,0.82001,0.99704,0.99797,0.99975
5.1795,0.81399,0.99693,0.9979,0.99974
5.2699,0.80778,0.99683,0.99783,0.99973
5.362,0.80137,0.99672,0.99775,0.99972
5.4556,0.79476,0.9966,0.99767,0.99971
5.5509,0.78795,0.99648,0.99759,0.9997
5.6478,0.78092,0.99636,0.9975,0.99969
5.7464,0.77368,0.99623,0.99742,0.99968
5.8468,0.76622,0.9961,0.99733,0.99967
5.9489,0.75853,0.99596,0.99723,0.99966
6.0528,0.75061,0.99582,0.99713,0.99965
6.1585,0.74246,0.99567,0.99703,0.99963
6.266,0.73407,0.99552,0.99693,0.99962
6.3755,0.72543,0.99536,0.99682,0.99961
6.4868,0.71654,0.99519,0.99671,0.99959
6.6001,0.7074,0.99503,0.99659,0.99958
6.7153,0.69801,0.99485,0.99647,0.99956
6.8326,0.68836,0.99467,0.99635,0.99955
6.9519,0.67845,0.99448,0.99622,0.99953
7.0733,0.66828,0.99429,0.99608,0.99952
7.1969,0.65785,0.99409,0.99595,0.9995
7.3225,0.64716,0.99388,0.9958,0.99948
7.4504,0.63621,0.99366,0.99565,0.99946
7.5805,0.625,0.99344,0.9955,0.99944
7.7129,0.61354,0.99321,0.99534,0.99942
7.8476,0.60183,0.99297,0.99518,0.9994
7.9846,0.58987,0.99272,0.99501,0.99938
8.1241,0.57768,0.99247,0.99483,0.99936
8.266,0.56526,0.9922,0.99465,0.99934
8.4103,0.55263,0.99193,0.99446,0.99931
8.5572,0.53979,0.99165,0.99426,0.99929
8.7066,0.52677,0.99135,0.99406,0.99927
8.8587,0.51356,0.99105,0.99385,0.99924
9.0134,0.50021,0.99073,0.99363,0.99921
9.1708,0.48671,0.99041,0.99341,0.99919
9.3309,0.47309,0.99007,0.99318,0.99916
9.4939,0.45938,0.98972,0.99293,0.99913
9.6597,0.4456,0.98936,0.99268,0.9991
9.8284,0.43177,0.98899,0.99243,0.99906
10,0.41792,0.9886,0.99216,0.99903
10.175,0.40407,0.9882,0.99188,0.999
10.352,0.39026,0.98779,0.99159,0.99896
10.533,0.3765,0.98736,0.9913,0.99893
10.717,0.36283,0.98692,0.99099,0.99889
10.904,0.34927,0.98646,0.99067,0.99885
11.095,0.33585,0.98598,0.99034,0.99881
11.288,0.3226,0.98549,0.99,0.99877
11.486,0.30953,0.98498,0.98964,0.99872
11.686,0.29669,0.98445,0.98928,0.99868
11.89,0.28407,0.98391,0.9889,0.99863
12.098,0.27172,0.98335,0.98851,0.99858
12.309,0.25964,0.98276,0.9881,0.99853
12.524,0.24786,0.98216,0.98768,0.99848
12.743,0.23638,0.98153,0.98724,0.99843
12.965,0.22522,0.98089,0.98679,0.99837
13.192,0.2144,0.98022,0.98632,0.99832
13.422,0.20392,0.97952,0.98584,0.99826
13.656,0.19378,0.97881,0.98533,0.99819
13.895,0.184,0.97806,0.98481,0.99813
14.138,0.17457,0.9773,0.98428,0.99807
14.384,0.1655,0.9765,0.98372,0.998
14.636,0.15679,0.97568,0.98314,0.99793
14.891,0.14843,0.97483,0.98254,0.99785
15.151,0.14042,0.97395,0.98192,0.99778
15.416,0.13276,0.97304,0.98128,0.9977
15.685,0.12544,0.9721,0.98062,0.99762
15.959,0.11845,0.97112,0.97993,0.99753
16.238,0.11179,0.97011,0.97922,0.99745
16.521,0.10545,0.96907,0.97848,0.99736
16.81,0.099417,0.96799,0.97772,0.99727
17.103,0.093684,0.96688,0.97693,0.99717
17.402,0.08824,0.96572,0.97611,0.99707
17.706,0.083076,0.96453,0.97526,0.99697
18.015,0.078182,0.96329,0.97438,0.99686
18.33,0.073547,0.96201,0.97347,0.99675
18.65,0.06916,0.96069,0.97253,0.99663
18.976,0.065012,0.95932,0.97155,0.99652
19.307,0.061092,0.9579,0.97054,0.99639
19.644,0.057389,0.95644,0.96949,0.99627
19.987,0.053895,0.95492,0.9684,0.99614
20.336,0.050598,0.95336,0.96728,0.996
20.691,0.04749,0.95174,0.96612,0.99586
21.053,0.044561,0.95006,0.96491,0.99571
21.42,0.041802,0.94833,0.96366,0.99556
21.794,0.039205,0.94654,0.96237,0.99541
22.175,0.036761,0.94468,0.96103,0.99525
22.562,0.034461,0.94277,0.95965,0.99508
22.956,0.032299,0.94079,0.95821,0.9949
23.357,0.030267,0.93874,0.95673,0.99473
23.765,0.028357,0.93662,0.95519,0.99454
24.18,0.026564,0.93443,0.95359,0.99435
24.602,0.024879,0.93216,0.95194,0.99415
25.032,0.023298,0.92982,0.95023,0.99394
25.469,0.021814,0.9274,0.94846,0.99373
25.914,0.020421,0.9249,0.94663,0.99351
26.367,0.019115,0.92231,0.94473,0.99328
26.827,0.01789,0.91963,0.94277,0.99305
27.295,0.016741,0.91687,0.94074,0.9928
27.772,0.015664,0.91401,0.93863,0.99255
28.257,0.014655,0.91106,0.93645,0.99229
28.751,0.013709,0.90801,0.9342,0.99202
29.253,0.012824,0.90485,0.93186,0.99174
29.764,0.011994,0.90159,0.92945,0.99145
30.283,0.011216,0.89822,0.92695,0.99115
30.812,0.010489,0.89474,0.92436,0.99084
31.35,0.0098072,0.89115,0.92169,0.99051
31.898,0.0091693,0.88743,0.91892,0.99018
32.455,0.0085722,0.8836,0.91606,0.98984
33.022,0.0080134,0.87963,0.9131,0.98948
33.598,0.0074905,0.87554,0.91003,0.98911
34.185,0.0070012,0.87131,0.90687,0.98873
34.782,0.0065435,0.86694,0.9036,0.98833
35.389,0.0061153,0.86243,0.90021,0.98792
36.007,0.0057147,0.85777,0.89672,0.9875
36.636,0.0053401,0.85296,0.89311,0.98706
37.276,0.0049898,0.848,0.88937,0.98661
37.927,0.0046622,0.84287,0.88552,0.98614
38.589,0.0043559,0.83758,0.88154,0.98565
39.263,0.0040695,0.83212,0.87743,0.98515
39.949,0.0038018,0.82648,0.87319,0.98463
40.646,0.0035515,0.82067,0.86881,0.98409
41.356,0.0033176,0.81467,0.8643,0.98354
42.078,0.0030989,0.80848,0.85965,0.98296
42.813,0.0028946,0.80209,0.85485,0.98236
43.561,0.0027036,0.7955,0.8499,0.98175
44.322,0.0025251,0.78871,0.84481,0.98111
45.096,0.0023583,0.78171,0.83956,0.98045
45.883,0.0022025,0.7745,0.83416,0.97977
46.685,0.0020569,0.76706,0.8286,0.97906
47.5,0.0019208,0.7594,0.82288,0.97833
48.329,0.0017937,0.7515,0.817,0.97757
49.173,0.001675,0.74338,0.81096,0.97679
50.032,0.0015641,0.73501,0.80475,0.97598
50.906,0.0014604,0.7264,0.79838,0.97514
51.795,0.0013637,0.71754,0.79184,0.97427
52.699,0.0012733,0.70843,0.78513,0.97337
53.62,0.0011888,0.69907,0.77826,0.97245
54.556,0.00111,0.68945,0.77121,0.97149
55.509,0.0010363,0.67957,0.764,0.97049
56.478,0.00096752,0.66943,0.75662,0.96947
57.464,0.00090328,0.65902,0.74907,0.9684
58.468,0.00084329,0.64836,0.74136,0.96731
59.489,0.00078727,0.63744,0.73349,0.96617
60.528,0.00073496,0.62626,0.72545,0.96499
61.585,0.00068611,0.61482,0.71726,0.96378
62.66,0.0006405,0.60314,0.70891,0.96252
63.755,0.00059791,0.59121,0.70041,0.96122
64.868,0.00055814,0.57905,0.69176,0.95988
66.001,0.00052101,0.56665,0.68296,0.95848
67.153,0.00048634,0.55404,0.67403,0.95705
68.326,0.00045398,0.54123,0.66496,0.95556
69.519,0.00042376,0.52822,0.65577,0.95402
70.733,0.00039555,0.51504,0.64646,0.95243
71.969,0.00036921,0.5017,0.63703,0.95079
73.225,0.00034462,0.48821,0.62749,0.94909
74.504,0.00032166,0.47461,0.61785,0.94733
75.805,0.00030024,0.46091,0.60812,0.94552
77.129,0.00028023,0.44714,0.59831,0.94364
78.476,0.00026156,0.43331,0.58842,0.9417
79.846,0.00024412,0.41946,0.57846,0.9397
81.241,0.00022785,0.40561,0.56844,0.93763
82.66,0.00021266,0.39179,0.55838,0.93548
84.103,0.00019848,0.37802,0.54827,0.93327
85.572,0.00018525,0.36434,0.53813,0.93098
87.066,0.00017289,0.35077,0.52797,0.92862
88.587,0.00016136,0.33733,0.5178,0.92618
90.134,0.0001506,0.32406,0.50763,0.92366
91.708,0.00014055,0.31097,0.49746,0.92105
93.309,0.00013117,0.2981,0.48731,0.91836
94.939,0.00012242,0.28546,0.47718,0.91558
96.597,0.00011425,0.27308,0.46709,0.91271
98.284,0.00010663,0.26097,0.45704,0.90975
100,9.9509e-05,0.24915,0.44704,0.90668
101.75,9.2867e-05,0.23764,0.4371,0.90352
103.52,8.6668e-05,0.22645,0.42723,0.90026
105.33,8.0882e-05,0.21558,0.41744,0.89689
107.17,7.5482e-05,0.20506,0.40773,0.89341
109.04,7.0442e-05,0.19489,0.39811,0.88982
110.95,6.5738e-05,0.18507,0.38859,0.88612
112.88,6.1348e-05,0.1756,0.37918,0.88229
114.86,5.7251e-05,0.16649,0.36987,0.87835
116.86,5.3427e-05,0.15774,0.36068,0.87428
118.9,4.9859e-05,0.14934,0.35161,0.87008
120.98,4.6528e-05,0.14129,0.34267,0.86575
123.09,4.342e-05,0.13359,0.33385,0.86129
125.24,4.052e-05,0.12624,0.32518,0.85668
127.43,3.7813e-05,0.11921,0.31664,0.85194
129.65,3.5286e-05,0.11252,0.30824,0.84704
131.92,3.2929e-05,0.10614,0.29998,0.842
134.22,3.0728e-05,0.10007,0.29187,0.8368
136.56,2.8675e-05,0.094306,0.28392,0.83144
138.95,2.6759e-05,0.08883,0.27611,0.82592
141.38,2.4971e-05,0.083636,0.26845,0.82024
143.84,2.3302e-05,0.078712,0.26095,0.81438
146.36,2.1745e-05,0.074049,0.2536,0.80836
148.91,2.0291e-05,0.069635,0.24641,0.80215
151.51,1.8935e-05,0.065461,0.23937,0.79576
154.16,1.767e-05,0.061516,0.23248,0.78919
156.85,1.6488e-05,0.05779,0.22575,0.78242
159.59,1.5386e-05,0.054273,0.21918,0.77546
162.38,1.4358e-05,0.050954,0.21276,0.7683
165.21,1.3398e-05,0.047826,0.20648,0.76094
168.1,1.2502e-05,0.044877,0.20037,0.75338
171.03,1.1667e-05,0.0421,0.1944,0.7456
174.02,1.0887e-05,0.039485,0.18857,0.73761
177.06,1.0159e-05,0.037025,0.1829,0.7294
180.15,9.4796e-06,0.03471,0.17737,0.72097
183.3,8.8458e-06,0.032533,0.17198,0.71231
186.5,8.2543e-06,0.030486,0.16674,0.70343
189.76,7.7024e-06,0.028564,0.16163,0.69431
193.07,7.1874e-06,0.026757,0.15666,0.68496
196.44,6.7068e-06,0.025061,0.15182,0.67537
199.87,6.2584e-06,0.023468,0.14712,0.66553
203.36,5.8399e-06,0.021974,0.14254,0.65545
206.91,5.4494e-06,0.020571,0.13809,0.64513
210.53,5.085e-06,0.019256,0.13377,0.63455
214.2,4.7449e-06,0.018022,0.12957,0.62373
217.94,4.4276e-06,0.016865,0.12549,0.61265
221.75,4.1315e-06,0.01578,0.12152,0.60133
225.62,3.8552e-06,0.014764,0.11767,0.58974
229.56,3.5974e-06,0.013811,0.11393,0.57791
233.57,3.3568e-06,0.012919,0.1103,0.56582
237.65,3.1323e-06,0.012083,0.10678,0.55349
241.8,2.9228e-06,0.0113,0.10337,0.54091
246.02,2.7273e-06,0.010567,0.10005,0.52808
250.32,2.5449e-06,0.0098806,0.096833,0.51502
254.69,2.3747e-06,0.009238,0.093714,0.50173
259.14,2.2159e-06,0.0086365,0.090688,0.48822
263.67,2.0677e-06,0.0080736,0.087755,0.4745
268.27,1.9294e-06,0.0075468,0.084911,0.46058
272.95,1.8003e-06,0.0070539,0.082155,0.44647
277.72,1.6799e-06,0.0065928,0.079483,0.43219
282.57,1.5676e-06,0.0061614,0.076894,0.41776
287.51,1.4627e-06,0.0057579,0.074385,0.40321
292.53,1.3649e-06,0.0053805,0.071955,0.38855
297.64,1.2736e-06,0.0050275,0.0696,0.37381
302.83,1.1884e-06,0.0046975,0.067319,0.35902
308.12,1.1089e-06,0.0043889,0.06511,0.34422
313.5,1.0347e-06,0.0041004,0.062971,0.32943
318.98,9.655e-07,0.0038306,0.060899,0.3147
324.55,9.0092e-07,0.0035785,0.058893,0.30006
330.22,8.4065e-07,0.0033428,0.05695,0.28555
335.98,7.8442e-07,0.0031225,0.05507,0.27121
341.85,7.3195e-07,0.0029166,0.05325,0.25709
347.82,6.8299e-07,0.0027241,0.051488,0.24321
353.89,6.373e-07,0.0025443,0.049782,0.22963
360.07,5.9467e-07,0.0023763,0.048132,0.21638
366.36,5.5488e-07,0.0022192,0.046534,0.20349
372.76,5.1777e-07,0.0020725,0.044989,0.19099
379.27,4.8313e-07,0.0019355,0.043493,0.17892
385.89,4.5081e-07,0.0018074,0.042046,0.16729
392.63,4.2065e-07,0.0016878,0.040646,0.15613
399.49,3.9251e-07,0.001576,0.039292,0.14545
406.46,3.6625e-07,0.0014716,0.037981,0.13527
413.56,3.4175e-07,0.0013741,0.036714,0.12559
420.78,3.1889e-07,0.001283,0.035488,0.11641
428.13,2.9756e-07,0.0011979,0.034302,0.10774
435.61,2.7765e-07,0.0011185,0.033155,0.099567
443.22,2.5908e-07,0.0010442,0.032045,0.091884
450.96,2.4174e-07,0.00097493,0.030972,0.084679
458.83,2.2557e-07,0.0009102,0.029935,0.077941
466.85,2.1048e-07,0.00084975,0.028931,0.071652
475,1.964e-07,0.0007933,0.027961,0.065795
483.29,1.8326e-07,0.00074059,0.027023,0.060353
491.73,1.71e-07,0.00069137,0.026116,0.055305
500.32,1.5956e-07,0.00064541,0.025238,0.050631
509.06,1.4888e-07,0.00060249,0.02439,0.04631
517.95,1.3892e-07,0.00056242,0.02357,0.042323
526.99,1.2963e-07,0.00052501,0.022778,0.038649
536.2,1.2096e-07,0.00049007,0.022011,0.035267
545.56,1.1287e-07,0.00045746,0.021271,0.03216
555.09,1.0531e-07,0.00042701,0.020554,0.029307
564.78,9.8269e-08,0.00039858,0.019862,0.026691
574.64,9.1694e-08,0.00037204,0.019193,0.024295
584.68,8.556e-08,0.00034727,0.018546,0.022102
594.89,7.9835e-08,0.00032413,0.01792,0.020097
605.28,7.4494e-08,0.00030254,0.017316,0.018265
615.85,6.951e-08,0.00028238,0.016732,0.016593
626.6,6.486e-08,0.00026357,0.016167,0.015068
637.55,6.0521e-08,0.000246,0.015621,0.013678
648.68,5.6472e-08,0.0002296,0.015094,0.012412
660.01,5.2693e-08,0.0002143,0.014584,0.011259
671.53,4.9168e-08,0.00020001,0.014091,0.01021
683.26,4.5878e-08,0.00018667,0.013615,0.0092555
695.19,4.2809e-08,0.00017422,0.013155,0.0083881
707.33,3.9945e-08,0.0001626,0.01271,0.0076001
719.69,3.7272e-08,0.00015175,0.01228,0.0068843
732.25,3.4779e-08,0.00014163,0.011865,0.0062345
745.04,3.2452e-08,0.00013218,0.011463,0.0056447
758.05,3.0281e-08,0.00012336,0.011075,0.0051097
771.29,2.8255e-08,0.00011513,0.0107,0.0046245
784.76,2.6364e-08,0.00010745,0.010338,0.0041846
798.46,2.4601e-08,0.00010027,0.009988,0.0037858
812.41,2.2955e-08,9.3582e-05,0.0096497,0.0034245
826.6,2.1419e-08,8.7335e-05,0.0093229,0.0030971
841.03,1.9986e-08,8.1504e-05,0.009007,0.0028007
855.72,1.8649e-08,7.6063e-05,0.0087019,0.0025322
870.66,1.7401e-08,7.0984e-05,0.008407,0.0022892
885.87,1.6237e-08,6.6244e-05,0.008122,0.0020692
901.34,1.515e-08,6.182e-05,0.0078467,0.0018702
917.08,1.4137e-08,5.7692e-05,0.0075807,0.0016901
933.09,1.3191e-08,5.3839e-05,0.0073237,0.0015271
949.39,1.2308e-08,5.0243e-05,0.0070753,0.0013798
965.97,1.1485e-08,4.6887e-05,0.0068353,0.0012465
982.84,1.0717e-08,4.3755e-05,0.0066035,0.001126
1000,9.9995e-09,4.0832e-05,0.0063795,0.001017
