0,0,0,0,0,0
0.01,0.0099787,10,1,0,0
0.02,0.019915,17,1.996,0.25,0
0.03,0.029809,21.9,2.988,0.725,0
0.04,0.03966,25.33,3.9761,1.4012,0
0.05,0.04947,27.731,4.9602,2.2562,0
0.06,0.059238,29.412,5.9403,3.2687,0
0.07,0.068964,30.588,6.9166,4.4187,0
0.08,0.078649,31.412,7.8889,5.6873,0
0.09,0.088293,31.988,8.8573,7.057,0
0.1,0.097895,32.392,9.8219,8.5113,0
0.11,0.10746,32.674,10.783,10.035,0
0.12,0.11698,32.872,11.739,11.613,0
0.13,0.12646,33.01,12.693,13.234,0
0.14,0.1359,33.107,13.642,14.885,0
0.15,0.1453,33.175,14.587,16.554,0
0.16,0.15466,33.223,15.529,18.232,0
0.17,0.16398,33.256,16.467,19.909,0
0.18,0.17326,33.279,17.401,21.578,0
0.19,0.1825,33.295,18.331,23.23,0
0.2,0.1917,33.307,19.258,24.859,0
0.21,0.20086,33.315,20.181,26.458,0
0.22,0.20998,33.32,21.1,28.024,0
0.23,0.21907,33.324,22.016,29.551,0
0.24,0.22811,33.327,22.928,31.035,0
0.25,0.23712,33.329,23.836,32.473,0
0.26,0.24609,33.33,24.741,33.862,0
0.27,0.25502,33.331,25.642,35.199,0
0.28,0.26391,33.332,26.539,36.484,0
0.29,0.27276,33.332,27.433,37.714,0
0.3,0.28158,33.333,28.323,38.889,0
0.31,0.29036,33.333,29.21,40.007,0
0.32,0.2991,33.333,30.093,41.07,0
0.33,0.3078,33.333,30.973,42.076,0
0.34,0.31647,33.333,31.849,43.026,0
0.35,0.3251,33.333,32.721,43.92,0
0.36,0.33369,33.333,33.591,44.761,0
0.37,0.34225,33.333,34.456,45.547,0
0.38,0.35077,33.333,35.318,46.281,0
0.39,0.35926,33.333,36.177,46.964,0
0.4,0.3677,33.333,37.032,47.597,0
0.41,0.37612,33.333,37.884,48.182,0
0.42,0.38449,33.333,38.733,48.721,0
0.43,0.39283,33.333,39.578,49.215,0
0.44,0.40114,33.333,40.419,49.665,0
0.45,0.40941,33.333,41.258,50.075,0
0.46,0.41764,33.333,42.093,50.446,0
0.47,0.42584,33.333,42.924,50.778,0
0.48,0.434,33.333,43.753,51.076,0
0.49,0.44213,33.333,44.578,51.34,0
0.5,0.45023,33.333,45.399,51.572,0
0.51,0.45829,33.333,46.218,51.774,0
0.52,0.46631,33.333,47.033,51.948,0
0.53,0.47431,33.333,47.845,52.096,0
0.54,0.48226,33.333,48.653,52.219,0
0.55,0.49019,33.333,49.459,52.32,0
0.56,0.49808,33.333,50.261,52.399,0
0.57,0.50593,33.333,51.06,52.459,0
0.58,0.51376,33.333,51.856,52.5,0
0.59,0.52155,33.333,52.648,52.526,0
0.6,0.5293,33.333,53.438,52.536,0
0.61,0.53703,33.333,54.224,52.533,0
0.62,0.54472,33.333,55.007,52.517,0
0.63,0.55237,33.333,55.787,52.49,0
0.64,0.56,33.333,56.564,52.454,0
0.65,0.56759,33.333,57.338,52.408,0
0.66,0.57515,33.333,58.108,52.355,0
0.67,0.58268,33.333,58.876,52.295,0
0.68,0.59018,33.333,59.64,52.229,0
0.69,0.59764,33.333,60.402,52.159,0
0.7,0.60507,33.333,61.16,52.084,0
0.71,0.61247,33.333,61.915,52.006,0
0.72,0.61984,33.333,62.668,51.925,0
0.73,0.62718,33.333,63.417,51.843,0
0.74,0.63448,33.333,64.163,51.759,0
0.75,0.64176,33.333,64.907,51.674,0
0.76,0.649,33.333,65.647,51.589,0
0.77,0.65622,33.333,66.385,51.504,0
0.78,0.6634,33.333,67.119,51.419,0
0.79,0.67055,33.333,67.851,51.336,0
0.8,0.67767,33.333,68.579,51.254,0
0.81,0.68476,33.333,69.305,51.173,0
0.82,0.69182,33.333,70.028,51.094,0
0.83,0.69886,33.333,70.748,51.017,0
0.84,0.70586,33.333,71.465,50.943,0
0.85,0.71283,33.333,72.179,50.87,0
0.86,0.71977,33.333,72.89,50.801,0
0.87,0.72668,33.333,73.598,50.734,0
0.88,0.73356,33.333,74.304,50.669,0
0.89,0.74042,33.333,75.007,50.607,0
0.9,0.74724,33.333,75.707,50.549,0
0.91,0.75403,33.333,76.404,50.493,0
0.92,0.7608,33.333,77.098,50.439,0
0.93,0.76754,33.333,77.79,50.389,0
0.94,0.77425,33.333,78.479,50.342,0
0.95,0.78092,33.333,79.165,50.297,0
0.96,0.78758,33.333,79.848,50.255,0
0.97,0.7942,33.333,80.529,50.216,0
0.98,0.80079,33.333,81.207,50.179,0
0.99,0.80736,33.333,81.882,50.146,0
1,0.8139,33.333,82.554,50.114,0
