0.1,1.0013,-0.0073552
0.11455,1.0017,-0.010929
0.13122,1.0022,-0.016185
0.15031,1.0029,-0.023864
0.17219,1.0038,-0.034997
0.19724,1.0049,-0.050976
0.22595,1.0063,-0.073636
0.25882,1.0081,-0.10531
0.29649,1.0103,-0.14882
0.33963,1.0131,-0.20748
0.38905,1.0166,-0.28488
0.44566,1.021,-0.38476
0.51052,1.0265,-0.51086
0.5848,1.0334,-0.66682
0.6699,1.0422,-0.8564
0.76738,1.0535,-1.0839
0.87905,1.0682,-1.3551
1.007,1.0876,-1.6782
1.1535,1.1138,-2.066
1.3213,1.1496,-2.5385
1.5136,1.1998,-3.1287
1.7339,1.2723,-3.8925
1.9862,1.3812,-4.9331
2.2752,1.555,-6.4593
2.6063,1.8599,-8.9659
2.9855,2.4912,-13.955
3.42,4.3013,-28.691
3.9176,7.4377,-107.12
4.4877,2.5754,-157.63
5.1407,1.2553,-167.7
5.8887,0.74483,-171.65
6.7457,0.48489,-173.77
7.7272,0.33242,-175.11
8.8517,0.23528,-176.03
10.14,0.17005,-176.71
11.615,0.12469,-177.24
13.305,0.092354,-177.66
15.242,0.068906,-178
17.459,0.051686,-178.28
20,0.038923,-178.51
