0.1,0.029733,89.578
0.11245,0.033437,89.525
0.1315,0.039104,89.445
0.15377,0.045733,89.35
0.17981,0.053489,89.24
0.21026,0.062565,89.111
0.24587,0.073188,88.959
0.28752,0.085627,88.782
0.33621,0.1002,88.573
0.39315,0.11728,88.328
0.45974,0.13731,88.04
0.5376,0.16085,87.699
0.62865,0.18854,87.295
0.73512,0.22119,86.814
0.85962,0.25981,86.238
1,0.30401,85.568
1.0052,0.30566,85.543
1.1755,0.36041,84.694
1.3745,0.42623,83.642
1.6073,0.50611,82.315
1.8796,0.60423,80.604
2.1979,0.72651,78.336
2.2932,0.76486,77.592
2.6305,0.90781,74.673
2.9726,1.0647,71.188
3.3146,1.2333,67.077
3.6524,1.4087,62.314
3.9822,1.5833,56.932
4.301,1.7468,51.044
4.6064,1.8883,44.844
4.9336,2.0108,37.776
5.3285,2.1038,29.042
5.8097,2.1281,18.873
6.4017,2.0506,8.1414
7.1383,1.8743,-1.7693
8.0667,1.6413,-9.5598
9.2532,1.4015,-14.447
10,1.2864,-15.713
10.508,1.2214,-16.042
12.043,1.0744,-15.31
13.899,0.96677,-12.438
15.812,0.90785,-8.5619
17.755,0.88438,-4.5682
19.706,0.88645,-1.0923
21.642,0.90543,1.4874
23.545,0.9334,3.0505
25.398,0.9634,3.6885
27.398,0.99304,3.5799
29.807,1.0192,2.7355
32.736,1.0336,1.3206
36.332,1.0303,-0.1484
40.798,1.0127,-0.95893
41.23,1.0109,-0.97922
45.819,0.99607,-0.767
50.316,0.99152,-0.23069
54.674,0.99461,0.13913
58.855,0.99952,0.17802
62.832,1.0016,-1.7811e-13
