0,0,1,1
0.05,1,1,1
0.1,2,0.95582,1
0.15,3,0.83429,1
0.2,4,0.67358,0.95582
0.25,5,0.50948,0.83429
0.3,6,0.36464,0.67163
0.35,7,0.24852,0.49679
0.4,8,0.16171,0.32485
0.45,9,0.10033,0.16519
0.5,10,0.058956,0.026112
0.55,11,0.032294,-0.086471
0.6,12,0.015887,-0.1699
0.65,13,0.0063093,-0.22431
0.7,14,0.0010876,-0.25187
0.75,15,-0.0014766,-0.25614
0.8,16,-0.002501,-0.24158
0.85,17,-0.0026908,-0.21306
0.9,18,-0.0024725,-0.17544
0.95,19,-0.0020914,-0.13322
1,20,-0.0016795,-0.090303
1.05,21,-0.0013009,-0.049848
1.1,22,-0.00098089,-0.014184
1.15,23,-0.00072432,0.015168
1.2,24,-0.00052591,0.037441
1.25,25,-0.00037657,0.052524
1.3,26,-0.00026648,0.060831
1.35,27,-0.00018668,0.063167
1.4,28,-0.00012964,0.060593
1.45,29,-8.9326e-05,0.054294
1.5,30,-6.1129e-05,0.045476
1.55,31,-4.1576e-05,0.035274
1.6,32,-2.8121e-05,0.024686
1.65,33,-1.8925e-05,0.014536
1.7,34,-1.2677e-05,0.0054444
1.75,35,-8.4565e-06,-0.0021663
1.8,36,-5.6191e-06,-0.008066
1.85,37,-3.7204e-06,-0.012191
1.9,38,-2.455e-06,-0.014616
1.95,39,-1.615e-06,-0.015518
2,40,-1.0594e-06,-0.015147
2.05,41,-6.9301e-07,-0.013789
2.1,42,-4.522e-07,-0.011742
2.15,43,-2.9436e-07,-0.0092899
2.2,44,-1.9119e-07,-0.0066886
2.25,45,-1.2391e-07,-0.0041509
2.3,46,-8.0147e-08,-0.0018418
2.35,47,-5.1742e-08,0.00012344
2.4,48,-3.3343e-08,0.0016774
2.45,49,-2.145e-08,0.0027954
2.5,50,-1.3777e-08,0.0034882
2.55,51,-8.8345e-09,0.0037943
2.6,52,-5.6569e-09,0.0037715
2.65,53,-3.6171e-09,0.0034887
2.7,54,-2.3096e-09,0.0030191
2.75,55,-1.4729e-09,0.0024338
2.8,56,-9.3812e-10,0.0017977
2.85,57,-5.968e-10,0.0011658
2.9,58,-3.7923e-10,0.00058147
2.95,59,-2.4071e-10,7.6084e-05
3,60,-1.5262e-10,-0.00033111
