0.01,75.001,-90.415
0.04,18.753,-91.661
0.046758,16.044,-91.942
0.054658,13.726,-92.27
0.063892,11.744,-92.653
0.074687,10.048,-93.101
0.087306,8.5981,-93.625
0.1,7.5087,-94.152
0.10206,7.3577,-94.237
0.1193,6.2971,-94.951
0.13945,5.3902,-95.786
0.157,4.7906,-96.512
0.16302,4.6149,-96.761
0.17662,4.2617,-97.323
0.19056,3.9523,-97.899
0.19869,3.7919,-98.235
0.22275,3.3862,-99.226
0.22352,3.3747,-99.258
0.25145,3.0044,-100.41
0.26039,2.9028,-100.77
0.28287,2.6757,-101.7
0.30438,2.4902,-102.58
0.31822,2.3842,-103.14
0.35581,2.1384,-104.67
0.35799,2.1257,-104.76
0.40273,1.8968,-106.57
0.41592,1.8388,-107.11
0.45305,1.6941,-108.6
0.48619,1.584,-109.93
0.50967,1.5148,-110.86
0.56833,1.3677,-113.18
0.57336,1.3565,-113.38
0.64501,1.217,-116.18
0.66435,1.1846,-116.93
0.72561,1.0941,-119.28
0.7766,1.0301,-121.22
0.81629,0.98615,-122.71
0.9078,0.90027,-126.09
0.9183,0.89159,-126.47
1,0.83066,-129.42
1.0331,0.80896,-130.59
1.0612,0.79165,-131.59
1.1621,0.73698,-135.08
1.2405,0.70126,-137.73
1.3074,0.67446,-139.94
1.45,0.62642,-144.52
1.4707,0.62031,-145.17
1.6545,0.57349,-150.76
1.695,0.56469,-151.96
1.8613,0.53303,-156.7
1.9814,0.51382,-160
2.0939,0.49802,-162.98
2.3162,0.47167,-168.61
2.3556,0.46755,-169.57
2.6499,0.44079,-176.47
2.7075,0.43624,-177.76
2.9811,0.41691,-183.66
3.1649,0.40564,-187.43
3.3536,0.39517,-191.15
3.6997,0.37815,-197.62
3.7727,0.37485,-198.93
4.2441,0.35531,-207.03
4.3247,0.35223,-208.36
4.7745,0.33601,-215.46
5.0554,0.32658,-219.67
5.3711,0.31648,-224.23
5.9095,0.30022,-231.61
6.0423,0.29637,-233.37
6.7974,0.27547,-242.9
6.9079,0.27254,-244.24
7.6469,0.25368,-252.86
7.85,0.24871,-255.14
8.075,0.2433,-257.62
8.6024,0.23102,-263.28
9.4393,0.21264,-271.84
9.6774,0.20764,-274.19
10,0.20103,-277.33
10.887,0.18374,-285.66
11.034,0.18099,-287
12.247,0.15961,-297.74
12.898,0.14899,-303.28
13.778,0.13554,-310.54
15.078,0.11736,-320.88
15.499,0.11186,-324.15
17.436,0.088929,-338.71
17.625,0.086883,-340.1
19.615,0.067102,-354.38
20.603,0.058421,-361.28
20.933,0.055669,-363.57
22.066,0.046793,-371.33
24.084,0.032965,-384.87
24.824,0.028472,-389.76
27.926,0.012677,-409.92
28.153,0.011702,-411.38
31.416,2.9908e-17,-433.14
32.56,0.003143,-259.24
32.909,0.0040113,-261.41
34.017,0.0065011,-268.3
34.276,0.0070277,-269.91
37.136,0.011529,-287.54
38.469,0.012884,-295.69
39.996,0.01393,-304.99
41.712,0.014531,-315.39
42.857,0.014632,-322.3
44.854,0.014317,-334.33
44.968,0.014282,-335.02
47.1,0.013344,-347.79
47.85,0.0129,-352.28
52.566,0.0091896,-380.35
52.844,0.0089374,-382
57.838,0.0042567,-411.53
60.183,0.0021504,-425.35
60.834,0.0015956,-429.18
61.447,0.0010882,-432.78
62.832,1.8935e-18,-436.76
64.173,0.00096672,-268.79
66.183,0.0022375,-280.58
69.535,0.0038309,-300.2
71.829,0.0045274,-313.6
72.887,0.0047419,-319.77
73.267,0.0048028,-321.99
74.898,0.0049706,-331.51
76.238,0.0049997,-339.32
78.039,0.0048958,-349.81
80.741,0.0044704,-365.53
83.964,0.0036291,-384.27
85.243,0.003222,-391.7
86.35,0.002846,-398.13
89.745,0.0016149,-417.83
92.447,0.00062657,-433.5
94.248,1.2389e-18,-439.92
95.594,0.00043927,-271.73
97.614,0.0010367,-283.43
98.15,0.0011809,-286.53
99.433,0.0014993,-293.96
100,0.0016272,-297.24
100.98,0.0018291,-302.91
104.35,0.0023267,-322.38
106.37,0.0024761,-334.06
107.71,0.0025145,-341.84
109.51,0.0024929,-352.21
112.2,0.0023177,-367.76
112.52,0.002287,-369.59
114.73,0.0020193,-382.38
116.69,0.0017187,-393.67
121.18,0.00088461,-419.56
123.87,0.00034842,-435.09
125.6,1.2092e-05,-445.08
125.66,9.2793e-19,-443.29
127.14,0.00027185,-273.94
129.35,0.00064424,-286.67
133.03,0.0011366,-307.89
134.12,0.0012458,-314.17
136.71,0.0014316,-329.1
138.92,0.0015057,-341.82
140.39,0.0015125,-350.3
142.06,0.0014808,-359.91
144.56,0.0013611,-374.33
148.74,0.0010034,-398.34
152.91,0.00051927,-422.35
155.41,0.00020607,-436.75
156.78,3.6976e-05,-444.61
157.08,2.9016e-18,-445.71
158.45,0.0001628,-274.23
160.5,0.00039019,-286.03
163.92,0.00070484,-305.71
167.34,0.00091535,-325.38
169.39,0.00098485,-337.18
170.76,0.0010068,-345.04
172.54,0.0010064,-355.24
175.2,0.00094827,-370.53
179.63,0.00071985,-396.01
183.26,0.00044589,-416.9
184.06,0.0003795,-421.49
186.72,0.00015166,-436.77
188.5,6.2239e-19,-445
189.94,0.00011987,-275.28
192.12,0.00028759,-287.76
195.73,0.00051821,-308.55
199.35,0.00066733,-329.34
201.53,0.00071184,-341.82
202.97,0.00072216,-350.13
204.67,0.0007149,-359.86
207.21,0.00066696,-374.45
211.44,0.00050241,-398.77
214.23,0.00035169,-414.75
215.68,0.00026484,-423.08
218.22,0.00010613,-437.67
219.91,2.733e-18,-447.73
221.48,9.5612e-05,-276.41
223.84,0.000229,-289.94
227.77,0.00040868,-312.49
231.69,0.00051602,-335.03
234.05,0.00054062,-348.55
235.62,0.00054009,-357.57
237.19,0.0005264,-366.59
239.55,0.00048276,-380.11
243.47,0.00035767,-402.65
247.4,0.00018748,-425.18
249.76,7.5199e-05,-438.71
250.42,4.3298e-05,-442.52
251.33,4.6496e-19,-446.66
252.9,7.3343e-05,-276.74
255.25,0.00017612,-290.26
259.18,0.00031565,-312.79
263.11,0.0004002,-335.32
265.46,0.00042028,-348.84
267.04,0.00042053,-357.85
268.61,0.00041051,-366.87
270.96,0.00037735,-380.39
274.89,0.00028062,-402.92
278.82,0.00014762,-425.45
281.17,5.9339e-05,-438.96
282.74,9.1943e-19,-268.31
284.31,5.8036e-05,-276.99
286.67,0.00013965,-290.5
290.6,0.00025111,-313.03
292.73,0.00029423,-325.26
294.52,0.00031941,-335.56
296.88,0.00033607,-349.07
298.45,0.00033669,-358.08
300.02,0.00032907,-367.09
302.38,0.00030304,-380.61
306.31,0.00022603,-403.13
310.23,0.00011925,-425.65
312.59,4.8015e-05,-439.17
314.16,1.452e-18,-447.86
315.67,4.5347e-05,-276.85
317.94,0.00010953,-289.86
321.72,0.00019883,-311.55
325.5,0.00025653,-333.23
327.77,0.00027306,-346.25
329.28,0.00027613,-354.92
330.91,0.00027239,-364.26
333.36,0.00025362,-378.28
337.43,0.00019161,-401.63
341.5,0.00010187,-424.99
342.19,8.5138e-05,-428.91
343.95,4.112e-05,-439
345.58,1.2302e-18,-448.74
347.13,3.8423e-05,-277.23
349.45,9.2801e-05,-290.56
353.32,0.0001681,-312.78
357.2,0.00021574,-335
359.52,0.00022846,-348.33
361.07,0.00023,-357.21
362.67,0.00022586,-366.34
365.05,0.00020926,-380.03
369.03,0.00015736,-402.85
373.01,8.3536e-05,-425.66
375.4,3.3735e-05,-439.35
376.99,3.1031e-19,-447.5
378.56,3.2741e-05,-277.49
380.92,7.9106e-05,-291
384.85,0.0001432,-313.51
388.77,0.00018334,-336.03
391.13,0.00019365,-349.54
392.7,0.0001945,-358.54
394.27,0.00019058,-367.55
396.63,0.00017615,-381.06
400,0.00013968,-400.4
400.55,0.00013219,-403.57
404.48,7.016e-05,-426.08
406.84,2.8349e-05,-439.59
408.41,3.5263e-19,-267.8
409.98,2.7916e-05,-277.6
412.33,6.7513e-05,-291.11
416.26,0.00012241,-313.62
420.19,0.00015696,-336.14
422.54,0.00016593,-349.64
424.12,0.00016676,-358.65
425.69,0.00016349,-367.65
428.04,0.00015125,-381.16
431.97,0.00011367,-403.67
435.9,6.0412e-05,-426.19
438.25,2.4431e-05,-439.69
439.82,2.6576e-19,-450
441.39,2.4084e-05,-277.7
443.75,5.8293e-05,-291.21
447.68,0.00010583,-313.72
451.6,0.00013588,-336.23
453.96,0.00014376,-349.74
455.53,0.00014455,-358.74
457.1,0.00014179,-367.75
459.46,0.00013128,-381.25
463.38,9.8778e-05,-403.76
467.31,5.2564e-05,-426.27
469.67,2.1272e-05,-439.78
471.24,2.3166e-19,-270
472.81,2.099e-05,-277.79
475.17,5.0841e-05,-291.29
479.09,9.2408e-05,-313.8
483.02,0.00011878,-336.31
485.38,0.00012576,-349.82
486.95,0.0001265,-358.82
488.52,0.00012414,-367.83
490.87,0.00011501,-381.33
494.8,8.6635e-05,-403.84
498.73,4.6151e-05,-426.35
501.08,1.8689e-05,-439.86
502.65,2.3261e-19,-448.33
504.23,1.8457e-05,-277.86
506.58,4.4731e-05,-291.37
510.51,8.1386e-05,-313.88
514.44,0.00010472,-336.39
516.79,0.00011093,-349.89
518.36,0.00011164,-358.89
519.93,0.0001096,-367.9
522.29,0.00010159,-381.4
526.22,7.66e-05,-403.91
530.14,4.0844e-05,-426.42
532.5,1.6549e-05,-439.92
534.07,1.3399e-18,-448.84
535.64,1.6355e-05,-277.93
538,3.966e-05,-291.44
541.92,7.2224e-05,-313.94
545.85,9.3013e-05,-336.45
548.21,9.8584e-05,-349.95
549.78,9.9244e-05,-358.96
551.35,9.7464e-05,-367.96
553.71,9.0393e-05,-381.47
557.63,6.8213e-05,-403.97
561.56,3.6402e-05,-426.48
563.92,1.4757e-05,-439.98
565.49,4.5978e-19,-269.16
567.06,1.4593e-05,-277.99
569.41,3.5405e-05,-291.49
573.34,6.4527e-05,-314
577.27,8.3165e-05,-336.51
579.62,8.8188e-05,-350.01
581.19,8.8805e-05,-359.01
582.77,8.724e-05,-368.02
585.12,8.0948e-05,-381.52
589.05,6.1132e-05,-404.03
592.98,3.2648e-05,-426.53
595.33,1.324e-05,-440.04
596.9,1.0323e-19,-270
598.47,1.3102e-05,-278.04
600.83,3.18e-05,-291.55
604.76,5.7998e-05,-314.05
608.68,7.4803e-05,-336.56
611.04,7.9354e-05,-350.06
612.61,7.9931e-05,-359.06
614.18,7.8544e-05,-368.07
616.54,7.2909e-05,-381.57
620.46,5.5098e-05,-404.08
624.39,2.9445e-05,-426.58
626.75,1.1946e-05,-440.09
628.32,3.5381e-19,-268.9
629.89,1.1827e-05,-278.09
632.25,2.8718e-05,-291.59
636.17,5.2411e-05,-314.1
640.1,6.7641e-05,-336.6
642.46,7.1783e-05,-350.11
644.03,7.2324e-05,-359.11
645.6,7.1086e-05,-368.11
647.95,6.6011e-05,-381.62
651.88,4.9916e-05,-404.12
655.81,2.6692e-05,-426.63
658.16,1.0833e-05,-440.13
659.73,6.7551e-20,-270
661.31,1.0731e-05,-278.13
663.66,2.6064e-05,-291.64
667.59,4.7595e-05,-314.14
671.52,6.146e-05,-336.65
673.87,6.5247e-05,-350.15
675.44,6.5753e-05,-359.15
677.01,6.4643e-05,-368.15
679.37,6.0048e-05,-381.66
683.3,4.5432e-05,-404.16
687.22,2.4307e-05,-426.67
689.58,9.8686e-06,-440.17
691.15,2.7706e-19,-268.6
692.72,9.7793e-06,-278.17
695.08,2.3761e-05,-291.68
699,4.3413e-05,-314.18
702.93,5.609e-05,-336.68
705.29,5.9564e-05,-350.19
706.86,6.0039e-05,-359.19
708.43,5.9037e-05,-368.19
710.79,5.4857e-05,-381.69
714.71,4.1526e-05,-404.2
718.64,2.2229e-05,-426.7
721,9.0274e-06,-440.21
722.57,3.6593e-19,-449.47
724.14,8.9493e-06,-278.21
726.49,2.1751e-05,-291.71
730.42,3.9759e-05,-314.22
734.35,5.1394e-05,-336.72
736.7,5.4592e-05,-350.22
738.27,5.5038e-05,-359.22
739.85,5.413e-05,-368.23
742.2,5.0312e-05,-381.73
746.13,3.8103e-05,-404.23
750.06,2.0406e-05,-426.74
752.41,8.2893e-06,-440.24
753.98,1.551e-19,-448.75
755.55,8.2206e-06,-278.24
757.91,1.9985e-05,-291.74
761.84,3.6548e-05,-314.25
765.76,4.7263e-05,-336.75
768.12,5.0218e-05,-350.25
769.69,5.0637e-05,-359.26
771.26,4.981e-05,-368.26
773.62,4.6309e-05,-381.76
777.54,3.5086e-05,-404.26
781.47,1.8798e-05,-426.77
783.83,7.6382e-06,-440.27
785.4,6.6722e-19,-449.13
786.97,7.5774e-06,-278.27
789.33,1.8426e-05,-291.77
793.25,3.371e-05,-314.28
797.18,4.3612e-05,-336.78
799.54,4.635e-05,-350.28
801.11,4.6743e-05,-359.28
802.68,4.5987e-05,-368.29
805.03,4.2765e-05,-381.79
808.96,3.2414e-05,-404.29
812.89,1.7373e-05,-426.8
815.24,7.0609e-06,-440.3
816.81,4.6269e-19,-449.16
818.38,7.0068e-06,-278.3
820.74,1.7042e-05,-291.8
824.67,3.1191e-05,-314.31
828.6,4.0368e-05,-336.81
830.95,4.2911e-05,-350.31
832.52,4.3282e-05,-359.31
834.09,4.2589e-05,-368.31
836.45,3.9613e-05,-381.82
840.38,3.0036e-05,-404.32
844.3,1.6104e-05,-426.82
846.66,6.5466e-06,-440.32
848.23,2.86e-19,-449.32
849.8,6.4983e-06,-278.33
852.16,1.5809e-05,-291.83
856.08,2.8944e-05,-314.33
860.01,3.7472e-05,-336.83
862.37,3.9842e-05,-350.34
863.94,4.0192e-05,-359.34
865.51,3.9553e-05,-368.34
867.86,3.6797e-05,-381.84
871.79,2.791e-05,-404.34
875.72,1.497e-05,-426.85
878.08,6.0866e-06,-440.35
879.65,1.3293e-19,-450
881.22,6.0433e-06,-278.35
883.57,1.4705e-05,-291.85
887.5,2.6931e-05,-314.35
891.43,3.4878e-05,-336.86
893.78,3.709e-05,-350.36
895.35,3.7421e-05,-359.36
896.92,3.6831e-05,-368.36
899.28,3.4271e-05,-381.86
903.21,2.6002e-05,-404.37
907.13,1.3951e-05,-426.87
909.49,5.6734e-06,-440.37
911.06,5.294e-23,-270
912.63,5.6344e-06,-278.37
914.99,1.3712e-05,-291.87
918.92,2.5121e-05,-314.38
922.84,3.2544e-05,-336.88
925.2,3.4614e-05,-350.38
926.77,3.4927e-05,-359.38
928.34,3.438e-05,-368.38
930.7,3.1997e-05,-381.88
934.62,2.4284e-05,-404.39
938.55,1.3033e-05,-426.89
940.91,5.3009e-06,-440.39
942.48,3.6405e-19,-449.47
944.05,5.2656e-06,-278.39
946.4,1.2817e-05,-291.89
950.33,2.3488e-05,-314.4
954.26,3.0436e-05,-336.9
956.61,3.2378e-05,-350.4
958.19,3.2674e-05,-359.4
959.76,3.2167e-05,-368.4
962.11,2.9941e-05,-381.9
966.04,2.273e-05,-404.41
969.97,1.2202e-05,-426.91
972.32,4.9639e-06,-440.41
973.89,2.1705e-19,-269.11
975.46,4.9319e-06,-278.41
977.82,1.2007e-05,-291.91
981.75,2.2009e-05,-314.42
985.67,2.8527e-05,-336.92
988.03,3.0352e-05,-350.42
989.6,3.0633e-05,-359.42
991.17,3.016e-05,-368.42
993.53,2.8078e-05,-381.92
997.46,2.1321e-05,-404.43
1000,1.5191e-05,-419.01
