0.01	81.1	-89.226
0.010234	79.25	-89.208
0.010472	77.443	-89.189
0.010717	75.676	-89.17
0.010967	73.95	-89.151
0.011223	72.264	-89.131
0.011486	70.616	-89.111
0.011754	69.006	-89.09
0.012028	67.432	-89.069
0.012309	65.894	-89.047
0.012597	64.392	-89.025
0.012891	62.923	-89.002
0.013192	61.489	-88.979
0.0135	60.087	-88.955
0.013815	58.717	-88.931
0.014138	57.378	-88.906
0.014468	56.07	-88.88
0.014806	54.792	-88.854
0.015151	53.543	-88.827
0.015505	52.322	-88.8
0.015867	51.13	-88.772
0.016238	49.964	-88.743
0.016617	48.826	-88.714
0.017005	47.713	-88.684
0.017402	46.626	-88.653
0.017808	45.563	-88.622
0.018224	44.525	-88.59
0.01865	43.511	-88.557
0.019085	42.519	-88.523
0.019531	41.551	-88.489
0.019987	40.604	-88.454
0.020454	39.679	-88.418
0.020932	38.776	-88.381
0.02142	37.893	-88.343
0.021921	37.03	-88.304
0.022432	36.187	-88.265
0.022956	35.363	-88.225
0.023492	34.558	-88.183
0.024041	33.772	-88.141
0.024602	33.003	-88.098
0.025177	32.252	-88.053
0.025765	31.518	-88.008
0.026367	30.801	-87.962
0.026982	30.101	-87.914
0.027612	29.416	-87.866
0.028257	28.747	-87.816
0.028917	28.094	-87.765
0.029592	27.455	-87.713
0.030283	26.831	-87.66
0.03099	26.222	-87.605
0.031714	25.626	-87.55
0.032455	25.044	-87.493
0.033213	24.475	-87.434
0.033988	23.92	-87.375
0.034782	23.377	-87.314
0.035594	22.847	-87.251
0.036425	22.328	-87.188
0.037276	21.822	-87.122
0.038146	21.327	-87.056
0.039037	20.844	-86.987
0.039949	20.372	-86.917
0.040882	19.91	-86.846
0.041836	19.459	-86.773
0.042813	19.019	-86.698
0.043813	18.589	-86.621
0.044836	18.168	-86.543
0.045883	17.758	-86.463
0.046955	17.357	-86.381
0.048051	16.965	-86.298
0.049173	16.582	-86.212
0.050322	16.208	-86.125
0.051497	15.842	-86.035
0.052699	15.485	-85.944
0.05393	15.136	-85.85
0.055189	14.796	-85.754
0.056478	14.463	-85.657
0.057797	14.138	-85.557
0.059147	13.82	-85.454
0.060528	13.51	-85.35
0.061941	13.207	-85.243
0.063388	12.911	-85.134
0.064868	12.622	-85.022
0.066383	12.339	-84.908
0.067933	12.063	-84.791
0.069519	11.794	-84.672
0.071143	11.531	-84.55
0.072804	11.274	-84.426
0.074504	11.023	-84.299
0.076244	10.778	-84.169
0.078024	10.539	-84.036
0.079846	10.305	-83.9
0.081711	10.077	-83.762
0.083619	9.8539	-83.62
0.085572	9.6362	-83.476
0.08757	9.4238	-83.328
0.089615	9.2163	-83.178
0.091708	9.0137	-83.024
0.093849	8.816	-82.867
0.096041	8.6229	-82.707
0.098284	8.4344	-82.543
0.10058	8.2504	-82.376
0.10293	8.0709	-82.206
0.10533	7.8956	-82.032
0.10779	7.7245	-81.855
0.11031	7.5575	-81.674
0.11288	7.3945	-81.49
0.11552	7.2355	-81.302
0.11822	7.0803	-81.111
0.12098	6.9289	-80.915
0.1238	6.7812	-80.716
0.12669	6.6371	-80.514
0.12965	6.4965	-80.307
0.13268	6.3594	-80.097
0.13578	6.2256	-79.883
0.13895	6.0951	-79.665
0.14219	5.9679	-79.444
0.14551	5.8439	-79.218
0.14891	5.723	-78.989
0.15239	5.6051	-78.755
0.15595	5.4901	-78.518
0.15959	5.3781	-78.277
0.16332	5.2689	-78.033
0.16713	5.1626	-77.784
0.17103	5.0589	-77.532
0.17503	4.958	-77.276
0.17912	4.8596	-77.016
0.1833	4.7639	-76.753
0.18758	4.6706	-76.486
0.19196	4.5798	-76.216
0.19644	4.4915	-75.942
0.20103	4.4055	-75.665
0.20572	4.3218	-75.385
0.21053	4.2404	-75.102
0.21544	4.1612	-74.816
0.22047	4.0842	-74.527
0.22562	4.0094	-74.235
0.23089	3.9366	-73.942
0.23628	3.866	-73.645
0.2418	3.7973	-73.347
0.24745	3.7306	-73.047
0.25323	3.6659	-72.746
0.25914	3.6031	-72.443
0.26519	3.5421	-72.139
0.27138	3.483	-71.835
0.27772	3.4257	-71.53
0.28421	3.3702	-71.225
0.29084	3.3164	-70.92
0.29764	3.2643	-70.616
0.30459	3.2139	-70.313
0.3117	3.1651	-70.012
0.31898	3.118	-69.712
0.32643	3.0724	-69.415
0.33405	3.0284	-69.121
0.34185	2.986	-68.831
0.34983	2.9451	-68.545
0.358	2.9056	-68.263
0.36636	2.8677	-67.986
0.37492	2.8312	-67.716
0.38367	2.7961	-67.452
0.39263	2.7624	-67.196
0.4018	2.73	-66.947
0.41118	2.6991	-66.708
0.42078	2.6695	-66.478
0.43061	2.6412	-66.259
0.44067	2.6142	-66.051
0.45096	2.5885	-65.856
0.46149	2.5641	-65.675
0.47226	2.541	-65.507
0.48329	2.5191	-65.355
0.49458	2.4985	-65.22
0.50613	2.4791	-65.103
0.51795	2.4609	-65.005
0.53004	2.4439	-64.927
0.54242	2.4281	-64.871
0.55509	2.4135	-64.838
0.56805	2.4002	-64.83
0.58131	2.3879	-64.848
0.59489	2.3769	-64.895
0.60878	2.3671	-64.971
0.623	2.3584	-65.078
0.63755	2.3509	-65.22
0.65243	2.3445	-65.397
0.66767	2.3393	-65.612
0.68326	2.3353	-65.867
0.69922	2.3324	-66.166
0.71554	2.3306	-66.51
0.73225	2.33	-66.902
0.74935	2.3305	-67.346
0.76685	2.3321	-67.845
0.78476	2.3348	-68.403
0.80309	2.3385	-69.022
0.82184	2.3432	-69.708
0.84103	2.3489	-70.464
0.86067	2.3555	-71.295
0.88077	2.363	-72.205
0.90134	2.3711	-73.2
0.92239	2.3799	-74.285
0.94392	2.3891	-75.466
0.96597	2.3985	-76.747
0.98852	2.4081	-78.135
1.0116	2.4174	-79.635
1.0352	2.4262	-81.254
1.0594	2.434	-82.996
1.0841	2.4406	-84.866
1.1095	2.4453	-86.868
1.1354	2.4477	-89.006
1.1619	2.4471	-91.281
1.189	2.443	-93.693
1.2168	2.4346	-96.239
1.2452	2.4212	-98.916
1.2743	2.4024	-101.72
1.304	2.3775	-104.63
1.3345	2.3462	-107.64
1.3656	2.3081	-110.73
1.3975	2.2631	-113.89
1.4302	2.2115	-117.08
1.4636	2.1536	-120.3
1.4977	2.09	-123.52
1.5327	2.0213	-126.72
1.5685	1.9485	-129.87
1.6051	1.8725	-132.96
1.6426	1.7944	-135.97
1.681	1.7151	-138.89
1.7202	1.6355	-141.7
1.7604	1.5563	-144.42
1.8015	1.4784	-147.01
1.8436	1.4023	-149.5
1.8866	1.3285	-151.87
1.9307	1.2572	-154.13
1.9758	1.1888	-156.29
2.0219	1.1233	-158.34
2.0691	1.061	-160.28
2.1175	1.0017	-162.14
2.1669	0.94556	-163.91
2.2175	0.89242	-165.59
2.2693	0.8422	-167.2
2.3223	0.79482	-168.74
2.3765	0.75013	-170.2
2.432	0.70803	-171.61
2.4888	0.66838	-172.96
2.5469	0.63105	-174.26
2.6064	0.5959	-175.51
2.6673	0.56282	-176.71
2.7295	0.53167	-177.88
2.7933	0.50235	-179.01
2.8585	0.47474	-180.1
2.9253	0.44874	-181.16
2.9936	0.42424	-182.19
3.0635	0.40115	-183.2
3.135	0.37939	-184.18
3.2082	0.35887	-185.15
3.2832	0.33951	-186.09
3.3598	0.32125	-187.01
3.4383	0.30401	-187.92
3.5186	0.28773	-188.82
3.6007	0.27236	-189.7
3.6848	0.25783	-190.57
3.7709	0.2441	-191.42
3.8589	0.23112	-192.27
3.949	0.21884	-193.11
4.0413	0.20723	-193.95
4.1356	0.19624	-194.77
4.2322	0.18584	-195.59
4.331	0.17599	-196.41
4.4322	0.16667	-197.22
4.5357	0.15784	-198.02
4.6416	0.14947	-198.83
4.75	0.14155	-199.63
4.8609	0.13404	-200.42
4.9744	0.12692	-201.22
5.0906	0.12017	-202.01
5.2095	0.11377	-202.8
5.3311	0.10771	-203.59
5.4556	0.10196	-204.38
5.583	0.096501	-205.17
5.7134	0.091329	-205.96
5.8468	0.086423	-206.75
5.9833	0.081771	-207.53
6.123	0.077358	-208.32
6.266	0.073173	-209.1
6.4124	0.069204	-209.89
6.5621	0.06544	-210.67
6.7153	0.061871	-211.46
6.8722	0.058486	-212.24
7.0326	0.055276	-213.02
7.1969	0.052233	-213.81
7.3649	0.049348	-214.59
7.5369	0.046613	-215.37
7.7129	0.044021	-216.14
7.893	0.041565	-216.92
8.0773	0.039237	-217.7
8.266	0.037032	-218.47
8.459	0.034943	-219.24
8.6565	0.032965	-220.01
8.8587	0.031092	-220.77
9.0655	0.029319	-221.54
9.2772	0.027641	-222.3
9.4939	0.026053	-223.05
9.7156	0.02455	-223.81
9.9425	0.023129	-224.55
10.175	0.021785	-225.3
10.412	0.020515	-226.04
10.655	0.019314	-226.78
10.904	0.01818	-227.51
11.159	0.017108	-228.23
11.419	0.016095	-228.95
11.686	0.01514	-229.67
11.959	0.014237	-230.38
12.238	0.013386	-231.08
12.524	0.012583	-231.78
12.816	0.011825	-232.46
13.116	0.011111	-233.15
13.422	0.010437	-233.82
13.736	0.0098028	-234.49
14.056	0.0092049	-235.15
14.384	0.0086417	-235.81
14.72	0.0081114	-236.46
15.064	0.0076122	-237.09
15.416	0.0071424	-237.73
15.776	0.0067003	-238.35
16.144	0.0062844	-238.96
16.521	0.0058933	-239.57
16.907	0.0055256	-240.17
17.302	0.0051799	-240.76
17.706	0.0048551	-241.34
18.119	0.0045499	-241.91
18.543	0.0042633	-242.48
18.976	0.003994	-243.04
19.419	0.0037413	-243.58
19.872	0.003504	-244.12
20.336	0.0032813	-244.65
20.811	0.0030724	-245.17
21.297	0.0028764	-245.69
21.794	0.0026925	-246.19
22.303	0.0025201	-246.69
22.824	0.0023584	-247.18
23.357	0.0022069	-247.66
23.903	0.0020649	-248.13
24.461	0.0019318	-248.59
25.032	0.0018071	-249.04
25.617	0.0016902	-249.49
26.215	0.0015808	-249.93
26.827	0.0014783	-250.36
27.453	0.0013824	-250.78
28.095	0.0012925	-251.19
28.751	0.0012084	-251.6
29.422	0.0011297	-251.99
30.109	0.001056	-252.38
30.812	0.00098705	-252.77
31.532	0.00092254	-253.14
32.268	0.00086219	-253.51
33.022	0.00080573	-253.87
33.793	0.00075292	-254.22
34.582	0.00070352	-254.57
35.389	0.00065733	-254.91
36.216	0.00061414	-255.24
37.061	0.00057375	-255.57
37.927	0.00053599	-255.88
38.813	0.00050069	-256.2
39.719	0.0004677	-256.5
40.646	0.00043686	-256.8
41.596	0.00040803	-257.09
42.567	0.00038109	-257.38
43.561	0.00035591	-257.66
44.578	0.00033239	-257.94
45.619	0.0003104	-258.21
46.685	0.00028986	-258.47
47.775	0.00027067	-258.73
48.89	0.00025275	-258.98
50.032	0.000236	-259.22
51.2	0.00022036	-259.47
52.396	0.00020574	-259.7
53.62	0.00019209	-259.93
54.872	0.00017934	-260.16
56.153	0.00016744	-260.38
57.464	0.00015632	-260.6
58.806	0.00014593	-260.81
60.18	0.00013623	-261.02
61.585	0.00012718	-261.22
63.023	0.00011872	-261.42
64.495	0.00011082	-261.61
66.001	0.00010345	-261.8
