0.1,1.0012,-0.76516
0.10175,1.0012,-0.77856
0.10352,1.0012,-0.7922
0.10533,1.0013,-0.80609
0.10717,1.0013,-0.82021
0.10904,1.0014,-0.83459
0.11095,1.0014,-0.84922
0.11288,1.0015,-0.86411
0.11486,1.0015,-0.87926
0.11686,1.0016,-0.89469
0.1189,1.0016,-0.91038
0.12098,1.0017,-0.92635
0.12309,1.0018,-0.9426
0.12524,1.0018,-0.95915
0.12743,1.0019,-0.97598
0.12965,1.0019,-0.99312
0.13192,1.002,-1.0106
0.13422,1.0021,-1.0283
0.13656,1.0022,-1.0464
0.13895,1.0022,-1.0647
0.14138,1.0023,-1.0835
0.14384,1.0024,-1.1025
0.14636,1.0025,-1.1219
0.14891,1.0026,-1.1416
0.15151,1.0027,-1.1617
0.15416,1.0028,-1.1821
0.15685,1.0028,-1.2029
0.15959,1.0029,-1.2241
0.16238,1.0031,-1.2457
0.16521,1.0032,-1.2676
0.1681,1.0033,-1.2899
0.17103,1.0034,-1.3127
0.17402,1.0035,-1.3358
0.17706,1.0036,-1.3594
0.18015,1.0038,-1.3834
0.1833,1.0039,-1.4078
0.1865,1.004,-1.4326
0.18976,1.0042,-1.4579
0.19307,1.0043,-1.4837
0.19644,1.0045,-1.5099
0.19987,1.0046,-1.5366
0.20336,1.0048,-1.5638
0.20691,1.005,-1.5915
0.21053,1.0051,-1.6196
0.2142,1.0053,-1.6483
0.21794,1.0055,-1.6775
0.22175,1.0057,-1.7073
0.22562,1.0059,-1.7376
0.22956,1.0061,-1.7684
0.23357,1.0063,-1.7998
0.23765,1.0066,-1.8318
0.2418,1.0068,-1.8644
0.24602,1.007,-1.8976
0.25032,1.0073,-1.9314
0.25469,1.0075,-1.9658
0.25914,1.0078,-2.0008
0.26367,1.0081,-2.0365
0.26827,1.0084,-2.0729
0.27295,1.0087,-2.11
0.27772,1.009,-2.1477
0.28257,1.0093,-2.1861
0.28751,1.0096,-2.2253
0.29253,1.01,-2.2652
0.29764,1.0103,-2.3059
0.30283,1.0107,-2.3473
0.30812,1.0111,-2.3895
0.3135,1.0114,-2.4325
0.31898,1.0119,-2.4763
0.32455,1.0123,-2.521
0.33022,1.0127,-2.5665
0.33598,1.0132,-2.6129
0.34185,1.0136,-2.6602
0.34782,1.0141,-2.7085
0.35389,1.0146,-2.7576
0.36007,1.0151,-2.8077
0.36636,1.0157,-2.8588
0.37276,1.0162,-2.9109
0.37927,1.0168,-2.964
0.38589,1.0174,-3.0182
0.39263,1.018,-3.0734
0.39949,1.0187,-3.1298
0.40646,1.0194,-3.1873
0.41356,1.02,-3.2459
0.42078,1.0208,-3.3057
0.42813,1.0215,-3.3668
0.43561,1.0223,-3.429
0.44322,1.0231,-3.4926
0.45096,1.0239,-3.5575
0.45883,1.0248,-3.6237
0.46685,1.0256,-3.6913
0.475,1.0266,-3.7603
0.48329,1.0275,-3.8307
0.49173,1.0285,-3.9026
0.50032,1.0295,-3.9761
0.50906,1.0306,-4.0512
0.51795,1.0317,-4.1278
0.52699,1.0328,-4.2061
0.5362,1.034,-4.2862
0.54556,1.0353,-4.368
0.55509,1.0365,-4.4516
0.56478,1.0378,-4.537
0.57464,1.0392,-4.6244
0.58468,1.0406,-4.7137
0.59489,1.0421,-4.8051
0.60528,1.0436,-4.8986
0.61585,1.0452,-4.9942
0.6266,1.0469,-5.0921
0.63755,1.0486,-5.1922
0.64868,1.0504,-5.2947
0.66001,1.0522,-5.3997
0.67153,1.0541,-5.5072
0.68326,1.0561,-5.6173
0.69519,1.0582,-5.7301
0.70733,1.0603,-5.8457
0.71969,1.0625,-5.9642
0.73225,1.0648,-6.0857
0.74504,1.0672,-6.2102
0.75805,1.0697,-6.338
0.77129,1.0723,-6.4691
0.78476,1.075,-6.6036
0.79846,1.0777,-6.7417
0.81241,1.0806,-6.8835
0.8266,1.0837,-7.0292
0.84103,1.0868,-7.1788
0.85572,1.09,-7.3326
0.87066,1.0934,-7.4907
0.88587,1.0969,-7.6533
0.90134,1.1006,-7.8206
0.91708,1.1044,-7.9927
0.93309,1.1084,-8.17
0.94939,1.1125,-8.3525
0.96597,1.1168,-8.5405
0.98284,1.1213,-8.7343
1,1.1259,-8.9341
1.0175,1.1308,-9.1402
1.0352,1.1358,-9.3529
1.0533,1.1411,-9.5724
1.0717,1.1466,-9.7992
1.0904,1.1523,-10.034
1.1095,1.1583,-10.276
1.1288,1.1645,-10.526
1.1486,1.171,-10.786
1.1686,1.1778,-11.054
1.189,1.1848,-11.332
1.2098,1.1922,-11.621
1.2309,1.2,-11.92
1.2524,1.208,-12.23
1.2743,1.2165,-12.553
1.2965,1.2253,-12.888
1.3192,1.2345,-13.236
1.3422,1.2442,-13.599
1.3656,1.2543,-13.976
1.3895,1.265,-14.37
1.4138,1.2761,-14.78
1.4384,1.2877,-15.209
1.4636,1.2999,-15.656
1.4891,1.3128,-16.124
1.5151,1.3262,-16.613
1.5416,1.3404,-17.126
1.5685,1.3552,-17.664
1.5959,1.3708,-18.228
1.6238,1.3872,-18.821
1.6521,1.4045,-19.445
1.681,1.4227,-20.102
1.7103,1.4418,-20.794
1.7402,1.4619,-21.524
1.7706,1.4832,-22.296
1.8015,1.5055,-23.112
1.833,1.5291,-23.977
1.865,1.5539,-24.894
1.8976,1.5801,-25.869
1.9307,1.6077,-26.905
1.9644,1.6367,-28.009
1.9987,1.6673,-29.186
2.0336,1.6995,-30.443
2.0691,1.7332,-31.787
2.1053,1.7687,-33.227
2.142,1.8057,-34.771
2.1794,1.8444,-36.429
2.2175,1.8846,-38.21
2.2562,1.9261,-40.126
2.2956,1.9689,-42.188
2.3357,2.0124,-44.407
2.3765,2.0564,-46.797
2.418,2.1001,-49.367
2.4602,2.1429,-52.13
2.5032,2.1837,-55.092
2.5469,2.2215,-58.26
2.5914,2.2548,-61.637
2.6367,2.2821,-65.217
2.6827,2.3019,-68.991
2.7295,2.3124,-72.941
2.7772,2.3124,-77.041
2.8257,2.3007,-81.256
2.8751,2.2767,-85.547
2.9253,2.2402,-89.866
2.9764,2.1919,-94.168
3.0283,2.1329,-98.405
3.0812,2.0648,-102.54
3.135,1.9895,-106.53
3.1898,1.9089,-110.35
3.2455,1.8251,-113.98
3.3022,1.7399,-117.41
3.3598,1.6546,-120.63
3.4185,1.5706,-123.64
3.4782,1.4888,-126.46
3.5389,1.4099,-129.08
3.6007,1.3344,-131.52
3.6636,1.2624,-133.79
3.7276,1.1942,-135.9
3.7927,1.1298,-137.86
3.8589,1.0691,-139.69
3.9263,1.012,-141.39
3.9949,0.95832,-142.98
4.0646,0.90795,-144.46
4.1356,0.86069,-145.84
4.2078,0.81635,-147.14
4.2813,0.77474,-148.35
4.3561,0.73569,-149.49
4.4322,0.69902,-150.56
4.5096,0.66457,-151.58
4.5883,0.63218,-152.53
4.6685,0.60172,-153.43
4.75,0.57304,-154.28
4.8329,0.54603,-155.09
4.9173,0.52056,-155.85
5.0032,0.49653,-156.58
5.0906,0.47385,-157.27
5.1795,0.45241,-157.93
5.2699,0.43215,-158.55
5.362,0.41297,-159.15
5.4556,0.39481,-159.72
5.5509,0.3776,-160.27
5.6478,0.36129,-160.8
5.7464,0.3458,-161.3
5.8468,0.3311,-161.78
5.9489,0.31714,-162.24
6.0528,0.30386,-162.69
6.1585,0.29123,-163.11
6.266,0.27921,-163.53
6.3755,0.26777,-163.92
6.4868,0.25686,-164.3
6.6001,0.24647,-164.67
6.7153,0.23656,-165.03
6.8326,0.2271,-165.37
6.9519,0.21807,-165.71
7.0733,0.20945,-166.03
7.1969,0.20121,-166.34
7.3225,0.19334,-166.64
7.4504,0.18581,-166.93
7.5805,0.17861,-167.22
7.7129,0.17172,-167.49
7.8476,0.16512,-167.76
7.9846,0.15881,-168.02
8.1241,0.15276,-168.27
8.266,0.14697,-168.52
8.4103,0.14141,-168.76
8.5572,0.13609,-168.99
8.7066,0.13098,-169.21
8.8587,0.12608,-169.43
9.0134,0.12138,-169.65
9.1708,0.11687,-169.85
9.3309,0.11255,-170.06
9.4939,0.10839,-170.25
9.6597,0.1044,-170.45
9.8284,0.10057,-170.63
10,0.096882,-170.82
10.175,0.093343,-171
10.352,0.089942,-171.17
10.533,0.086672,-171.34
10.717,0.083529,-171.51
10.904,0.080506,-171.67
11.095,0.077599,-171.83
11.288,0.074802,-171.99
11.486,0.072112,-172.14
11.686,0.069523,-172.29
11.89,0.067032,-172.43
12.098,0.064635,-172.57
12.309,0.062327,-172.71
12.524,0.060105,-172.85
12.743,0.057966,-172.98
12.965,0.055906,-173.11
13.192,0.053923,-173.24
13.422,0.052012,-173.36
13.656,0.050172,-173.49
13.895,0.048399,-173.61
14.138,0.046691,-173.72
14.384,0.045046,-173.84
14.636,0.04346,-173.95
14.891,0.041932,-174.06
15.151,0.040459,-174.17
15.416,0.03904,-174.27
15.685,0.037672,-174.38
15.959,0.036353,-174.48
16.238,0.035081,-174.58
16.521,0.033856,-174.67
16.81,0.032674,-174.77
17.103,0.031534,-174.86
17.402,0.030435,-174.96
17.706,0.029375,-175.05
18.015,0.028353,-175.13
18.33,0.027367,-175.22
18.65,0.026416,-175.31
18.976,0.025499,-175.39
19.307,0.024614,-175.47
19.644,0.023761,-175.55
19.987,0.022938,-175.63
20.336,0.022143,-175.71
20.691,0.021377,-175.78
21.053,0.020638,-175.86
21.42,0.019924,-175.93
21.794,0.019236,-176
22.175,0.018572,-176.07
22.562,0.017931,-176.14
22.956,0.017312,-176.21
23.357,0.016715,-176.28
23.765,0.016139,-176.34
24.18,0.015583,-176.41
24.602,0.015046,-176.47
25.032,0.014528,-176.53
25.469,0.014028,-176.59
25.914,0.013546,-176.65
26.367,0.01308,-176.71
26.827,0.01263,-176.77
27.295,0.012196,-176.82
27.772,0.011778,-176.88
28.257,0.011373,-176.93
28.751,0.010983,-176.99
29.253,0.010606,-177.04
29.764,0.010242,-177.09
30.283,0.0098906,-177.14
30.812,0.0095515,-177.19
31.35,0.009224,-177.24
31.898,0.0089079,-177.29
32.455,0.0086027,-177.34
33.022,0.008308,-177.38
33.598,0.0080234,-177.43
34.185,0.0077487,-177.47
34.782,0.0074834,-177.52
35.389,0.0072273,-177.56
36.007,0.00698,-177.6
36.636,0.0067412,-177.64
37.276,0.0065106,-177.68
37.927,0.0062879,-177.72
38.589,0.0060729,-177.76
39.263,0.0058652,-177.8
39.949,0.0056647,-177.84
40.646,0.0054711,-177.88
41.356,0.0052841,-177.91
42.078,0.0051036,-177.95
42.813,0.0049292,-177.99
43.561,0.0047608,-178.02
44.322,0.0045982,-178.05
45.096,0.0044412,-178.09
45.883,0.0042895,-178.12
46.685,0.004143,-178.15
47.5,0.0040016,-178.19
48.329,0.003865,-178.22
49.173,0.0037331,-178.25
50.032,0.0036057,-178.28
50.906,0.0034826,-178.31
51.795,0.0033638,-178.34
52.699,0.003249,-178.37
53.62,0.0031381,-178.39
54.556,0.0030311,-178.42
55.509,0.0029277,-178.45
56.478,0.0028278,-178.48
57.464,0.0027314,-178.5
58.468,0.0026382,-178.53
59.489,0.0025483,-178.55
60.528,0.0024614,-178.58
61.585,0.0023775,-178.6
62.66,0.0022964,-178.63
63.755,0.0022181,-178.65
64.868,0.0021425,-178.67
66.001,0.0020695,-178.7
67.153,0.0019989,-178.72
68.326,0.0019308,-178.74
69.519,0.001865,-178.76
70.733,0.0018014,-178.78
71.969,0.00174,-178.8
73.225,0.0016807,-178.82
74.504,0.0016235,-178.85
75.805,0.0015681,-178.87
77.129,0.0015147,-178.88
78.476,0.0014631,-178.9
79.846,0.0014132,-178.92
81.241,0.0013651,-178.94
82.66,0.0013186,-178.96
84.103,0.0012737,-178.98
85.572,0.0012303,-178.99
87.066,0.0011884,-179.01
88.587,0.0011479,-179.03
90.134,0.0011088,-179.05
91.708,0.001071,-179.06
93.309,0.0010345,-179.08
94.939,0.00099931,-179.09
96.597,0.00096527,-179.11
98.284,0.0009324,-179.12
100,0.00090064,-179.14
