0	0	0	0	0
0.016694	0.00033187	0.0013274	0.0037162	0.0072982
0.033389	0.0022859	0.0091395	0.025564	0.050134
0.050083	0.0066809	0.026685	0.074456	0.14549
0.066778	0.01379	0.054977	0.1527	0.29633
0.083472	0.023582	0.093732	0.25847	0.49608
0.10017	0.035863	0.14194	0.38736	0.73169
0.11686	0.050372	0.19823	0.53348	0.98604
0.13356	0.066824	0.26109	0.69021	1.2401
0.15025	0.084945	0.32897	0.8507	1.4746
0.16694	0.10448	0.40043	1.0083	1.6721
0.18364	0.12521	0.47409	1.1571	1.818
0.20033	0.14694	0.54872	1.2916	1.902
0.21703	0.1695	0.62324	1.4076	1.9185
0.23372	0.19275	0.69669	1.5019	1.8675
0.25042	0.21657	0.76825	1.5723	1.7538
0.26711	0.24085	0.83725	1.6178	1.5873
0.28381	0.26551	0.90311	1.6385	1.3816
0.3005	0.29048	0.96538	1.6354	1.153
0.3172	0.31569	1.0237	1.6104	0.91954
0.33389	0.3411	1.0778	1.5662	0.69906
0.35058	0.36664	1.1276	1.5059	0.50823
0.36728	0.39228	1.1729	1.4332	0.36114
0.38397	0.41799	1.2136	1.3518	0.26823
0.40067	0.44373	1.2499	1.2656	0.23564
0.41736	0.46946	1.2817	1.1783	0.26472
0.43406	0.49517	1.3092	1.0933	0.35208
0.45075	0.52082	1.3324	1.0137	0.48989
0.46745	0.5464	1.3517	0.94229	0.66661
0.48414	0.57188	1.3672	0.88105	0.86787
0.50083	0.59724	1.379	0.83153	1.0777
0.51753	0.62246	1.3875	0.79471	1.2797
0.53422	0.64752	1.3928	0.77093	1.4585
0.55092	0.6724	1.3953	0.76003	1.6006
0.56761	0.69709	1.3951	0.76134	1.6956
0.58431	0.72157	1.3924	0.77375	1.7371
0.601	0.74582	1.3876	0.79581	1.7226
0.6177	0.76984	1.3809	0.82581	1.6544
0.63439	0.79359	1.3724	0.86185	1.5384
0.65109	0.81707	1.3625	0.90197	1.3844
0.66778	0.84027	1.3513	0.94417	1.2049
0.68447	0.86317	1.3391	0.98656	1.014
0.70117	0.88577	1.3259	1.0274	0.82668
0.71786	0.90804	1.3121	1.0651	0.65717
0.73456	0.92997	1.2977	1.0984	0.51816
0.75125	0.95156	1.2829	1.1263	0.41979
0.76795	0.9728	1.2679	1.148	0.36887
0.78464	0.99367	1.2528	1.1632	0.36845
0.80134	1.0142	1.2377	1.1717	0.41764
0.81803	1.0343	1.2227	1.1737	0.51176
0.83472	1.054	1.2079	1.1696	0.64274
0.85142	1.0733	1.1934	1.16	0.79982
0.86811	1.0922	1.1792	1.1457	0.97043
0.88481	1.1107	1.1655	1.1276	1.1412
0.9015	1.1288	1.1522	1.1067	1.2989
0.9182	1.1464	1.1394	1.0841	1.4316
0.93489	1.1636	1.1272	1.0607	1.5296
0.95159	1.1804	1.1155	1.0375	1.5858
0.96828	1.1967	1.1045	1.0154	1.5967
0.98497	1.2126	1.094	0.9951	1.5622
1.0017	1.228	1.0841	0.97731	1.4857
1.0184	1.2429	1.0749	0.96249	1.3738
1.0351	1.2574	1.0662	0.95097	1.2357
1.0518	1.2715	1.0582	0.94291	1.0824
1.0684	1.285	1.0507	0.93833	0.92611
1.0851	1.2981	1.0439	0.93712	0.77877
1.1018	1.3107	1.0375	0.93903	0.65156
1.1185	1.3229	1.0318	0.94371	0.5539
1.1352	1.3345	1.0265	0.95074	0.49278
1.1519	1.3457	1.0217	0.95964	0.47222
1.1686	1.3565	1.0174	0.96987	0.4931
1.1853	1.3667	1.0136	0.98091	0.55307
1.202	1.3765	1.0101	0.99223	0.6468
1.2187	1.3858	1.0071	1.0034	0.76648
1.2354	1.3947	1.0044	1.0138	0.90244
1.2521	1.403	1.0021	1.0233	1.0439
1.2688	1.4109	1.0001	1.0314	1.1799
1.2855	1.4184	0.99841	1.038	1.3
1.3022	1.4254	0.99697	1.0428	1.3953
1.3189	1.4319	0.99578	1.0459	1.4589
1.3356	1.4379	0.99482	1.0472	1.4863
1.3523	1.4436	0.99405	1.0469	1.4762
1.3689	1.4487	0.99347	1.0449	1.4299
1.3856	1.4534	0.99306	1.0416	1.3516
1.4023	1.4577	0.99279	1.0372	1.2479
1.419	1.4616	0.99264	1.0319	1.1273
1.4357	1.465	0.99261	1.026	0.99917
1.4524	1.468	0.99268	1.0198	0.87365
1.4691	1.4706	0.99282	1.0135	0.76029
1.4858	1.4727	0.99304	1.0074	0.66759
1.5025	1.4745	0.99331	1.0017	0.60232
1.5192	1.4758	0.99363	0.99662	0.569
1.5359	1.4768	0.99399	0.99225	0.56965
1.5526	1.4773	0.99438	0.98873	0.6036
1.5693	1.4775	0.99478	0.98612	0.66765
1.586	1.4773	0.9952	0.98444	0.75634
1.6027	1.4768	0.99563	0.98368	0.86241
1.6194	1.4759	0.99605	0.98379	0.97739
1.6361	1.4746	0.99647	0.98469	1.0923
1.6528	1.473	0.99689	0.98628	1.1982
1.6694	1.471	0.99729	0.98842	1.2872
1.6861	1.4687	0.99768	0.99099	1.3527
1.7028	1.4661	0.99805	0.99385	1.39
1.7195	1.4632	0.99841	0.99684	1.3969
1.7362	1.4599	0.99874	0.99984	1.3732
1.7529	1.4564	0.99905	1.0027	1.3213
1.7696	1.4526	0.99934	1.0054	1.2458
1.7863	1.4484	0.99961	1.0077	1.1528
1.803	1.4441	0.99986	1.0097	1.0498
1.8197	1.4394	1.0001	1.0112	0.94484
1.8364	1.4345	1.0003	1.0122	0.84611
1.8531	1.4293	1.0005	1.0128	0.76106
1.8698	1.4239	1.0006	1.0129	0.69598
1.8865	1.4183	1.0008	1.0125	0.65553
1.9032	1.4124	1.0009	1.0118	0.6424
1.9199	1.4064	1.001	1.0108	0.6571
1.9366	1.4001	1.0011	1.0094	0.69802
1.9533	1.3936	1.0011	1.0079	0.76154
1.9699	1.387	1.0012	1.0063	0.84238
1.9866	1.3801	1.0012	1.0046	0.93402
2.0033	1.3731	1.0012	1.0029	1.0292
2.02	1.3659	1.0013	1.0013	1.1206
2.0367	1.3586	1.0013	0.99988	1.2011
2.0534	1.3511	1.0013	0.99861	1.2648
2.0701	1.3435	1.0012	0.99755	1.3071
2.0868	1.3358	1.0012	0.99673	1.3252
2.1035	1.3279	1.0012	0.99616	1.3179
2.1202	1.3199	1.0012	0.99584	1.2863
2.1369	1.3118	1.0011	0.99576	1.2334
2.1536	1.3037	1.0011	0.9959	1.1634
2.1703	1.2954	1.001	0.99623	1.0822
2.187	1.287	1.001	0.99674	0.99613
2.2037	1.2786	1.0009	0.99737	0.9119
2.2204	1.2701	1.0009	0.9981	0.83598
2.2371	1.2616	1.0008	0.99888	0.77405
2.2538	1.253	1.0008	0.99968	0.73063
2.2705	1.2444	1.0007	1.0005	0.70875
2.2871	1.2357	1.0007	1.0012	0.7097
2.3038	1.2271	1.0006	1.0019	0.73301
2.3205	1.2184	1.0006	1.0024	0.7765
2.3372	1.2096	1.0005	1.0029	0.83646
2.3539	1.2009	1.0005	1.0032	0.90799
2.3706	1.1922	1.0004	1.0034	0.98539
2.3873	1.1835	1.0004	1.0035	1.0626
2.404	1.1748	1.0004	1.0035	1.1337
2.4207	1.1661	1.0003	1.0033	1.1932
2.4374	1.1575	1.0003	1.0031	1.2369
2.4541	1.1489	1.0003	1.0028	1.2616
2.4708	1.1403	1.0002	1.0024	1.2658
2.4875	1.1318	1.0002	1.0019	1.2495
2.5042	1.1233	1.0002	1.0015	1.2143
2.5209	1.1149	1.0001	1.001	1.1633
2.5376	1.1066	1.0001	1.0006	1.1006
2.5543	1.0983	1.0001	1.0002	1.0313
2.571	1.0901	1.0001	0.99983	0.96081
2.5876	1.082	1.0001	0.99952	0.8946
2.6043	1.0739	1	0.99927	0.83768
2.621	1.066	1	0.99908	0.79427
2.6377	1.0581	1	0.99896	0.76747
2.6544	1.0504	1	0.99891	0.75904
2.6711	1.0427	1	0.99892	0.76933
2.6878	1.0352	0.99999	0.99898	0.7972
2.7045	1.0277	0.99998	0.9991	0.8402
2.7212	1.0204	0.99998	0.99925	0.89476
2.7379	1.0132	0.99997	0.99943	0.95649
2.7546	1.0061	0.99997	0.99963	1.0205
2.7713	0.99913	0.99997	0.99985	1.0818
2.788	0.9923	0.99996	1.0001	1.1358
2.8047	0.98559	0.99996	1.0003	1.1784
2.8214	0.97902	0.99996	1.0004	1.2065
2.8381	0.97259	0.99996	1.0006	1.2183
2.8548	0.96629	0.99996	1.0007	1.2131
2.8715	0.96013	0.99996	1.0009	1.1915
2.8881	0.95412	0.99996	1.0009	1.1557
2.9048	0.94825	0.99996	1.001	1.1085
2.9215	0.94253	0.99996	1.001	1.0538
2.9382	0.93696	0.99997	1.0009	0.99589
2.9549	0.93154	0.99997	1.0009	0.93935
2.9716	0.92627	0.99997	1.0008	0.88847
2.9883	0.92115	0.99997	1.0007	0.84708
3.005	0.91619	0.99997	1.0006	0.81819
3.0217	0.91139	0.99998	1.0005	0.8038
3.0384	0.90674	0.99998	1.0004	0.80476
3.0551	0.90225	0.99998	1.0002	0.82074
3.0718	0.89791	0.99998	1.0001	0.85024
3.0885	0.89374	0.99998	1	0.89076
3.1052	0.88972	0.99999	0.99992	0.93898
3.1219	0.88587	0.99999	0.99985	0.99105
3.1386	0.88217	0.99999	0.99979	1.0429
3.1553	0.87863	0.99999	0.99975	1.0906
3.172	0.87525	0.99999	0.99973	1.1304
3.1886	0.87203	0.99999	0.99972	1.1596
3.2053	0.86897	0.99999	0.99973	1.1759
3.222	0.86606	1	0.99975	1.1785
3.2387	0.86332	1	0.99979	1.1672
3.2554	0.86073	1	0.99983	1.1433
3.2721	0.85829	1	0.99989	1.1088
3.2888	0.85601	1	0.99994	1.0666
3.3055	0.85389	1	1	1.0199
3.3222	0.85191	1	1.0001	0.97256
3.3389	0.85009	1	1.0001	0.92815
3.3556	0.84842	1	1.0002	0.89005
3.3723	0.84689	1	1.0002	0.86108
3.389	0.84552	1	1.0002	0.84331
3.4057	0.84429	1	1.0002	0.83791
3.4224	0.8432	1	1.0003	0.84508
3.4391	0.84225	1	1.0003	0.86405
3.4558	0.84145	1	1.0003	0.89316
3.4725	0.84078	1	1.0002	0.92997
3.4891	0.84025	1	1.0002	0.97154
3.5058	0.83986	1	1.0002	1.0146
3.5225	0.83959	1	1.0002	1.0557
3.5392	0.83946	1	1.0001	1.0919
3.5559	0.83945	1	1.0001	1.1203
3.5726	0.83957	1	1.0001	1.139
3.5893	0.83981	1	1.0001	1.1467
3.606	0.84017	1	1	1.143
3.6227	0.84065	1	0.99999	1.1283
3.6394	0.84124	1	0.99997	1.104
3.6561	0.84195	1	0.99995	1.0721
3.6728	0.84277	1	0.99994	1.0353
3.6895	0.8437	1	0.99993	0.99637
3.7062	0.84473	1	0.99993	0.95841
3.7229	0.84586	1	0.99993	0.92432
3.7396	0.84709	1	0.99993	0.89665
3.7563	0.84842	1	0.99994	0.87741
3.773	0.84984	1	0.99995	0.86795
3.7896	0.85136	1	0.99997	0.86882
3.8063	0.85296	1	0.99998	0.87976
3.823	0.85465	1	1	0.89977
3.8397	0.85642	1	1	0.92714
3.8564	0.85827	1	1	0.95964
3.8731	0.8602	1	1	0.99468
3.8898	0.8622	1	1	1.0295
3.9065	0.86427	1	1.0001	1.0615
3.9232	0.86641	1	1.0001	1.0881
3.9399	0.86861	1	1.0001	1.1076
3.9566	0.87088	1	1.0001	1.1184
3.9733	0.8732	1	1.0001	1.1199
3.99	0.87559	1	1.0001	1.1121
4.0067	0.87802	1	1.0001	1.0959
4.0234	0.88051	1	1.0001	1.0726
4.0401	0.88304	1	1.0001	1.0441
4.0568	0.88562	1	1	1.0127
4.0735	0.88825	1	1	0.98088
4.0902	0.89091	1	1	0.95109
4.1068	0.89361	1	1	0.92559
4.1235	0.89634	1	1	0.90625
4.1402	0.8991	1	1	0.89448
4.1569	0.90189	1	1	0.89102
4.1736	0.90471	1	0.99999	0.89602
4.1903	0.90755	1	0.99999	0.90893
4.207	0.91041	1	0.99998	0.92862
4.2237	0.91328	1	0.99998	0.95345
4.2404	0.91618	1	0.99998	0.98144
4.2571	0.91908	1	0.99998	1.0104
4.2738	0.922	1	0.99998	1.038
4.2905	0.92492	1	0.99999	1.0622
4.3072	0.92785	1	0.99999	1.0812
4.3239	0.93078	1	0.99999	1.0936
4.3406	0.93371	1	1	1.0986
4.3573	0.93664	1	1	1.096
4.374	0.93957	1	1	1.086
4.3907	0.94249	1	1	1.0695
4.4073	0.9454	1	1	1.048
4.424	0.9483	1	1	1.0232
4.4407	0.95119	1	1	0.99701
4.4574	0.95406	1	1	0.97152
4.4741	0.95692	1	1	0.94868
4.4908	0.95976	1	1	0.93018
4.5075	0.96257	1	1	0.91738
4.5242	0.96537	1	1	0.91116
4.5409	0.96814	1	1	0.91188
4.5576	0.97089	1	1	0.91938
4.5743	0.97361	1	1	0.93294
4.591	0.9763	1	1	0.95143
4.6077	0.97896	1	1	0.97333
4.6244	0.98159	1	1	0.9969
4.6411	0.98418	1	1	1.0203
4.6578	0.98674	1	1	1.0417
4.6745	0.98926	1	1	1.0596
4.6912	0.99175	1	1	1.0725
4.7078	0.99419	1	1	1.0797
4.7245	0.9966	1	1	1.0805
4.7412	0.99897	1	1	1.0752
4.7579	1.0013	1	1	1.0642
4.7746	1.0036	1	1	1.0484
4.7913	1.0058	1	1	1.0292
4.808	1.008	1	1	1.0081
4.8247	1.0101	1	1	0.98671
4.8414	1.0122	1	1	0.96672
4.8581	1.0143	1	1	0.94965
4.8748	1.0163	1	1	0.93675
4.8915	1.0182	1	1	0.92895
4.9082	1.0201	1	1	0.92675
4.9249	1.022	1	1	0.93022
4.9416	1.0238	1	1	0.939
4.9583	1.0255	1	1	0.95232
4.975	1.0272	1	1	0.96908
4.9917	1.0289	1	1	0.98792
5.0083	1.0305	1	1	1.0074
5.025	1.032	1	1	1.0259
5.0417	1.0335	1	1	1.0421
5.0584	1.0349	1	1	1.0548
5.0751	1.0363	1	1	1.0631
5.0918	1.0376	1	1	1.0663
5.1085	1.0389	1	1	1.0644
5.1252	1.0401	1	1	1.0576
5.1419	1.0413	1	1	1.0465
5.1586	1.0424	1	1	1.0319
5.1753	1.0435	1	1	1.0152
5.192	1.0445	1	1	0.99762
5.2087	1.0454	1	1	0.98051
5.2254	1.0463	1	1	0.9652
5.2421	1.0472	1	1	0.95284
5.2588	1.048	1	1	0.94432
5.2755	1.0487	1	1	0.94023
5.2922	1.0494	1	1	0.94082
5.3088	1.0501	1	1	0.94595
5.3255	1.0507	1	1	0.95514
5.3422	1.0512	1	1	0.96763
5.3589	1.0517	1	1	0.98239
5.3756	1.0521	1	1	0.99825
5.3923	1.0525	1	1	1.014
5.409	1.0529	1	1	1.0283
5.4257	1.0532	1	1	1.0403
5.4424	1.0534	1	1	1.0489
5.4591	1.0536	1	1	1.0536
5.4758	1.0538	1	1	1.0541
5.4925	1.0539	1	1	1.0504
5.5092	1.054	1	1	1.043
5.5259	1.054	1	1	1.0323
5.5426	1.054	1	1	1.0194
5.5593	1.0539	1	1	1.0051
5.576	1.0538	1	1	0.99077
5.5927	1.0537	1	1	0.97737
5.6093	1.0535	1	1	0.96594
5.626	1.0533	1	1	0.95734
5.6427	1.053	1	1	0.95216
5.6594	1.0527	1	1	0.95076
5.6761	1.0524	1	1	0.95317
5.6928	1.052	1	1	0.95915
5.7095	1.0517	1	1	0.96816
5.7262	1.0512	1	1	0.97946
5.7429	1.0508	1	1	0.99215
5.7596	1.0503	1	1	1.0052
5.7763	1.0497	1	1	1.0177
5.793	1.0492	1	1	1.0285
5.8097	1.0486	1	1	1.037
5.8264	1.048	1	1	1.0425
5.8431	1.0474	1	1	1.0446
5.8598	1.0467	1	1	1.0432
5.8765	1.046	1	1	1.0386
5.8932	1.0453	1	1	1.0311
5.9098	1.0446	1	1	1.0213
5.9265	1.0439	1	1	1.01
5.9432	1.0431	1	1	0.99816
5.9599	1.0423	1	1	0.98667
5.9766	1.0415	1	1	0.97641
5.9933	1.0407	1	1	0.96815
6.01	1.0398	1	1	0.96248
6.0267	1.039	1	1	0.9598
6.0434	1.0381	1	1	0.96025
6.0601	1.0372	1	1	0.96376
6.0768	1.0363	1	1	0.97
6.0935	1.0354	1	1	0.97843
6.1102	1.0345	1	1	0.98838
6.1269	1.0335	1	1	0.99904
6.1436	1.0326	1	1	1.0096
6.1603	1.0316	1	1	1.0192
6.177	1.0307	1	1	1.0272
6.1937	1.0297	1	1	1.033
6.2104	1.0287	1	1	1.0361
6.227	1.0278	1	1	1.0364
6.2437	1.0268	1	1	1.0338
6.2604	1.0258	1	1	1.0288
6.2771	1.0248	1	1	1.0216
6.2938	1.0238	1	1	1.0128
6.3105	1.0228	1	1	1.0033
6.3272	1.0219	1	1	0.9936
6.3439	1.0209	1	1	0.98461
6.3606	1.0199	1	1	0.97696
6.3773	1.0189	1	1	0.97122
6.394	1.0179	1	1	0.96779
6.4107	1.017	1	1	0.96691
6.4274	1.016	1	1	0.96858
6.4441	1.015	1	1	0.97264
6.4608	1.0141	1	1	0.97874
6.4775	1.0131	1	1	0.98636
6.4942	1.0122	1	1	0.9949
6.5109	1.0112	1	1	1.0037
6.5275	1.0103	1	1	1.012
6.5442	1.0094	1	1	1.0193
6.5609	1.0085	1	1	1.025
6.5776	1.0076	1	1	1.0286
6.5943	1.0067	1	1	1.03
6.611	1.0058	1	1	1.029
6.6277	1.0049	1	1	1.0259
6.6444	1.0041	1	1	1.0208
6.6611	1.0032	1	1	1.0141
6.6778	1.0024	1	1	1.0066
6.6945	1.0016	1	1	0.9986
6.7112	1.0008	1	1	0.99089
6.7279	1	1	1	0.98401
6.7446	0.99923	1	1	0.97849
6.7613	0.99847	1	1	0.97472
6.778	0.99773	1	1	0.97296
6.7947	0.997	1	1	0.97331
6.8114	0.99628	1	1	0.97571
6.828	0.99559	1	1	0.97993
6.8447	0.9949	1	1	0.98563
6.8614	0.99424	1	1	0.99233
6.8781	0.99359	1	1	0.99951
6.8948	0.99296	1	1	1.0066
6.9115	0.99234	1	1	1.013
6.9282	0.99174	1	1	1.0184
6.9449	0.99116	1	1	1.0222
6.9616	0.9906	1	1	1.0243
6.9783	0.99005	1	1	1.0244
6.995	0.98953	1	1	1.0227
7.0117	0.98902	1	1	1.0192
7.0284	0.98852	1	1	1.0144
7.0451	0.98805	1	1	1.0085
7.0618	0.98759	1	1	1.002
7.0785	0.98715	1	1	0.99557
7.0952	0.98673	1	1	0.98954
7.1119	0.98633	1	1	0.98442
7.1285	0.98595	1	1	0.98059
7.1452	0.98558	1	1	0.97832
7.1619	0.98523	1	1	0.97776
7.1786	0.9849	1	1	0.97892
7.1953	0.98459	1	1	0.98168
7.212	0.98429	1	1	0.9858
7.2287	0.98402	1	1	0.99094
7.2454	0.98376	1	1	0.99669
7.2621	0.98351	1	1	1.0026
7.2788	0.98329	1	1	1.0082
7.2955	0.98308	1	1	1.0131
7.3122	0.98289	1	1	1.0169
7.3289	0.98271	1	1	1.0193
7.3456	0.98256	1	1	1.0202
7.3623	0.98241	1	1	1.0195
7.379	0.98229	1	1	1.0173
7.3957	0.98218	1	1	1.0139
7.4124	0.98209	1	1	1.0094
7.429	0.98201	1	1	1.0043
7.4457	0.98195	1	1	0.99895
7.4624	0.9819	1	1	0.99377
7.4791	0.98187	1	1	0.98916
7.4958	0.98185	1	1	0.98547
7.5125	0.98185	1	1	0.98296
7.5292	0.98186	1	1	0.98181
7.5459	0.98188	1	1	0.98208
7.5626	0.98192	1	1	0.98372
7.5793	0.98198	1	1	0.98658
7.596	0.98204	1	1	0.99043
7.6127	0.98212	1	1	0.99494
7.6294	0.98221	1	1	0.99977
7.6461	0.98231	1	1	1.0045
7.6628	0.98243	1	1	1.0089
7.6795	0.98256	1	1	1.0124
7.6962	0.98269	1	1	1.015
7.7129	0.98284	1	1	1.0163
7.7295	0.983	1	1	1.0164
7.7462	0.98317	1	1	1.0152
7.7629	0.98335	1	1	1.0129
7.7796	0.98354	1	1	1.0096
7.7963	0.98374	1	1	1.0056
7.813	0.98395	1	1	1.0013
7.8297	0.98416	1	1	0.99693
7.8464	0.98439	1	1	0.99289
7.8631	0.98462	1	1	0.98946
7.8798	0.98486	1	1	0.98691
7.8965	0.98511	1	1	0.9854
7.9132	0.98537	1	1	0.98505
7.9299	0.98563	1	1	0.98585
7.9466	0.9859	1	1	0.98773
7.9633	0.98617	1	1	0.99052
7.98	0.98645	1	1	0.99399
7.9967	0.98674	1	1	0.99786
8.0134	0.98703	1	1	1.0018
8.0301	0.98733	1	1	1.0056
8.0467	0.98763	1	1	1.0088
8.0634	0.98793	1	1	1.0114
8.0801	0.98824	1	1	1.013
8.0968	0.98855	1	1	1.0136
8.1135	0.98887	1	1	1.0131
8.1302	0.98918	1	1	1.0116
8.1469	0.9895	1	1	1.0093
8.1636	0.98983	1	1	1.0063
8.1803	0.99015	1	1	1.0028
8.197	0.99048	1	1	0.99922
8.2137	0.99081	1	1	0.99574
8.2304	0.99114	1	1	0.99266
8.2471	0.99147	1	1	0.99019
8.2638	0.9918	1	1	0.98852
8.2805	0.99213	1	1	0.98777
8.2972	0.99246	1	1	0.98796
8.3139	0.99279	1	1	0.98908
8.3306	0.99312	1	1	0.99103
8.3472	0.99345	1	1	0.99362
8.3639	0.99378	1	1	0.99667
8.3806	0.99411	1	1	0.99991
8.3973	0.99444	1	1	1.0031
8.414	0.99476	1	1	1.006
8.4307	0.99509	1	1	1.0084
8.4474	0.99541	1	1	1.0101
8.4641	0.99573	1	1	1.011
8.4808	0.99604	1	1	1.011
8.4975	0.99636	1	1	1.0102
8.5142	0.99667	1	1	1.0086
8.5309	0.99697	1	1	1.0064
8.5476	0.99728	1	1	1.0037
8.5643	0.99758	1	1	1.0008
8.581	0.99788	1	1	0.99788
8.5977	0.99817	1	1	0.99517
8.6144	0.99846	1	1	0.99287
8.6311	0.99875	1	1	0.99117
8.6477	0.99903	1	1	0.99018
8.6644	0.99931	1	1	0.98995
8.6811	0.99958	1	1	0.99051
8.6978	0.99985	1	1	0.99179
8.7145	1.0001	1	1	0.99367
8.7312	1.0004	1	1	0.99601
8.7479	1.0006	1	1	0.99862
8.7646	1.0009	1	1	1.0013
8.7813	1.0011	1	1	1.0038
8.798	1.0014	1	1	1.006
8.8147	1.0016	1	1	1.0077
8.8314	1.0018	1	1	1.0087
8.8481	1.002	1	1	1.0091
8.8648	1.0022	1	1	1.0088
8.8815	1.0025	1	1	1.0078
8.8982	1.0027	1	1	1.0062
8.9149	1.0029	1	1	1.0042
8.9316	1.0031	1	1	1.0018
8.9482	1.0032	1	1	0.99942
8.9649	1.0034	1	1	0.99709
8.9816	1.0036	1	1	0.99502
8.9983	1.0038	1	1	0.99338
9.015	1.0039	1	1	0.99227
9.0317	1.0041	1	1	0.99177
9.0484	1.0042	1	1	0.99192
9.0651	1.0044	1	1	0.99268
9.0818	1.0045	1	1	0.994
9.0985	1.0047	1	1	0.99575
9.1152	1.0048	1	1	0.9978
9.1319	1.0049	1	1	0.99999
9.1486	1.005	1	1	1.0021
9.1653	1.0051	1	1	1.0041
9.182	1.0052	1	1	1.0057
9.1987	1.0053	1	1	1.0068
9.2154	1.0054	1	1	1.0074
9.2321	1.0055	1	1	1.0074
9.2487	1.0056	1	1	1.0068
9.2654	1.0057	1	1	1.0058
9.2821	1.0057	1	1	1.0043
9.2988	1.0058	1	1	1.0025
9.3155	1.0058	1	1	1.0005
9.3322	1.0059	1	1	0.99853
9.3489	1.0059	1	1	0.99672
9.3656	1.006	1	1	0.99518
9.3823	1.006	1	1	0.99404
9.399	1.006	1	1	0.99339
9.4157	1.0061	1	1	0.99325
9.4324	1.0061	1	1	0.99363
9.4491	1.0061	1	1	0.9945
9.4658	1.0061	1	1	0.99578
9.4825	1.0061	1	1	0.99735
9.4992	1.0061	1	1	0.99911
9.5159	1.0061	1	1	1.0009
9.5326	1.0061	1	1	1.0026
9.5492	1.0061	1	1	1.0041
9.5659	1.0061	1	1	1.0052
9.5826	1.006	1	1	1.0059
9.5993	1.006	1	1	1.0061
9.616	1.006	1	1	1.0059
9.6327	1.0059	1	1	1.0052
9.6494	1.0059	1	1	1.0041
9.6661	1.0058	1	1	1.0028
9.6828	1.0058	1	1	1.0012
9.6995	1.0057	1	1	0.99958
9.7162	1.0057	1	1	0.99801
9.7329	1.0056	1	1	0.99663
9.7496	1.0056	1	1	0.99553
9.7663	1.0055	1	1	0.99479
9.783	1.0054	1	1	0.99447
9.7997	1.0054	1	1	0.99457
9.8164	1.0053	1	1	0.9951
9.8331	1.0052	1	1	0.99599
9.8497	1.0051	1	1	0.99717
9.8664	1.0051	1	1	0.99855
9.8831	1.005	1	1	1
9.8998	1.0049	1	1	1.0015
9.9165	1.0048	1	1	1.0028
9.9332	1.0047	1	1	1.0038
9.9499	1.0046	1	1	1.0046
9.9666	1.0045	1	1	1.005
9.9833	1.0044	1	1	1.005
10	1.0043	1	1	1.0046
