0.1,0.99981,-1.9442
0.10175,0.9998,-1.9781
0.10352,0.99979,-2.0126
0.10533,0.99979,-2.0478
0.10717,0.99978,-2.0836
0.10904,0.99977,-2.1199
0.11095,0.99976,-2.157
0.11288,0.99976,-2.1946
0.11486,0.99975,-2.233
0.11686,0.99974,-2.272
0.1189,0.99973,-2.3116
0.12098,0.99972,-2.352
0.12309,0.99971,-2.3931
0.12524,0.9997,-2.4349
0.12743,0.99969,-2.4774
0.12965,0.99968,-2.5206
0.13192,0.99967,-2.5647
0.13422,0.99965,-2.6095
0.13656,0.99964,-2.655
0.13895,0.99963,-2.7014
0.14138,0.99962,-2.7486
0.14384,0.9996,-2.7966
0.14636,0.99959,-2.8454
0.14891,0.99957,-2.8951
0.15151,0.99956,-2.9456
0.15416,0.99954,-2.9971
0.15685,0.99953,-3.0494
0.15959,0.99951,-3.1027
0.16238,0.99949,-3.1569
0.16521,0.99948,-3.212
0.1681,0.99946,-3.2681
0.17103,0.99944,-3.3252
0.17402,0.99942,-3.3832
0.17706,0.9994,-3.4423
0.18015,0.99938,-3.5024
0.1833,0.99936,-3.5636
0.1865,0.99933,-3.6258
0.18976,0.99931,-3.6891
0.19307,0.99928,-3.7536
0.19644,0.99926,-3.8191
0.19987,0.99923,-3.8858
0.20336,0.99921,-3.9537
0.20691,0.99918,-4.0227
0.21053,0.99915,-4.093
0.2142,0.99912,-4.1644
0.21794,0.99909,-4.2372
0.22175,0.99906,-4.3112
0.22562,0.99902,-4.3864
0.22956,0.99899,-4.4631
0.23357,0.99895,-4.541
0.23765,0.99892,-4.6203
0.2418,0.99888,-4.701
0.24602,0.99884,-4.7831
0.25032,0.9988,-4.8666
0.25469,0.99875,-4.9516
0.25914,0.99871,-5.0381
0.26367,0.99867,-5.126
0.26827,0.99862,-5.2156
0.27295,0.99857,-5.3066
0.27772,0.99852,-5.3993
0.28257,0.99847,-5.4936
0.28751,0.99841,-5.5895
0.29253,0.99836,-5.6871
0.29764,0.9983,-5.7865
0.30283,0.99824,-5.8875
0.30812,0.99818,-5.9903
0.3135,0.99811,-6.0949
0.31898,0.99805,-6.2014
0.32455,0.99798,-6.3097
0.33022,0.99791,-6.4199
0.33598,0.99783,-6.532
0.34185,0.99776,-6.646
0.34782,0.99768,-6.7621
0.35389,0.99759,-6.8802
0.36007,0.99751,-7.0003
0.36636,0.99742,-7.1226
0.37276,0.99733,-7.247
0.37927,0.99724,-7.3735
0.38589,0.99714,-7.5023
0.39263,0.99704,-7.6333
0.39949,0.99693,-7.7666
0.40646,0.99682,-7.9022
0.41356,0.99671,-8.0402
0.42078,0.9966,-8.1806
0.42813,0.99648,-8.3235
0.43561,0.99635,-8.4688
0.44322,0.99622,-8.6167
0.45096,0.99609,-8.7672
0.45883,0.99595,-8.9203
0.46685,0.99581,-9.076
0.475,0.99566,-9.2345
0.48329,0.99551,-9.3958
0.49173,0.99535,-9.5599
0.50032,0.99519,-9.7268
0.50906,0.99502,-9.8967
0.51795,0.99484,-10.069
0.52699,0.99466,-10.245
0.5362,0.99447,-10.424
0.54556,0.99427,-10.606
0.55509,0.99407,-10.791
0.56478,0.99386,-10.98
0.57464,0.99364,-11.172
0.58468,0.99342,-11.367
0.59489,0.99319,-11.565
0.60528,0.99295,-11.767
0.61585,0.9927,-11.973
0.6266,0.99244,-12.182
0.63755,0.99217,-12.394
0.64868,0.99189,-12.611
0.66001,0.99161,-12.831
0.67153,0.99131,-13.055
0.68326,0.991,-13.283
0.69519,0.99069,-13.515
0.70733,0.99036,-13.751
0.71969,0.99001,-13.991
0.73225,0.98966,-14.235
0.74504,0.9893,-14.483
0.75805,0.98892,-14.736
0.77129,0.98852,-14.994
0.78476,0.98812,-15.255
0.79846,0.9877,-15.522
0.81241,0.98726,-15.792
0.8266,0.98681,-16.068
0.84103,0.98634,-16.349
0.85572,0.98586,-16.634
0.87066,0.98536,-16.924
0.88587,0.98484,-17.22
0.90134,0.9843,-17.52
0.91708,0.98375,-17.826
0.93309,0.98317,-18.137
0.94939,0.98257,-18.453
0.96597,0.98195,-18.775
0.98284,0.98131,-19.103
1,0.98065,-19.436
1.0175,0.97996,-19.775
1.0352,0.97925,-20.12
1.0533,0.97852,-20.471
1.0717,0.97775,-20.828
1.0904,0.97696,-21.191
1.1095,0.97615,-21.56
1.1288,0.9753,-21.936
1.1486,0.97442,-22.319
1.1686,0.97351,-22.708
1.189,0.97257,-23.103
1.2098,0.9716,-23.506
1.2309,0.97059,-23.915
1.2524,0.96954,-24.332
1.2743,0.96846,-24.755
1.2965,0.96733,-25.186
1.3192,0.96617,-25.625
1.3422,0.96497,-26.071
1.3656,0.96372,-26.524
1.3895,0.96243,-26.986
1.4138,0.9611,-27.455
1.4384,0.95971,-27.932
1.4636,0.95828,-28.418
1.4891,0.9568,-28.912
1.5151,0.95526,-29.414
1.5416,0.95367,-29.924
1.5685,0.95202,-30.444
1.5959,0.95031,-30.972
1.6238,0.94855,-31.509
1.6521,0.94672,-32.055
1.681,0.94482,-32.61
1.7103,0.94286,-33.174
1.7402,0.94083,-33.748
1.7706,0.93873,-34.332
1.8015,0.93656,-34.925
1.833,0.9343,-35.528
1.865,0.93197,-36.141
1.8976,0.92956,-36.764
1.9307,0.92707,-37.398
1.9644,0.92449,-38.041
1.9987,0.92182,-38.695
2.0336,0.91905,-39.36
2.0691,0.91619,-40.035
2.1053,0.91324,-40.721
2.142,0.91018,-41.418
2.1794,0.90702,-42.126
2.2175,0.90375,-42.845
2.2562,0.90037,-43.575
2.2956,0.89688,-44.317
2.3357,0.89328,-45.07
2.3765,0.88955,-45.834
2.418,0.8857,-46.61
2.4602,0.88173,-47.398
2.5032,0.87763,-48.197
2.5469,0.87339,-49.008
2.5914,0.86902,-49.83
2.6367,0.86452,-50.665
2.6827,0.85987,-51.511
2.7295,0.85508,-52.369
2.7772,0.85014,-53.239
2.8257,0.84505,-54.12
2.8751,0.83981,-55.013
2.9253,0.83441,-55.918
2.9764,0.82886,-56.834
3.0283,0.82315,-57.762
3.0812,0.81728,-58.702
3.135,0.81124,-59.653
3.1898,0.80505,-60.615
3.2455,0.79868,-61.588
3.3022,0.79215,-62.572
3.3598,0.78545,-63.566
3.4185,0.77858,-64.571
3.4782,0.77154,-65.587
3.5389,0.76434,-66.612
3.6007,0.75697,-67.647
3.6636,0.74943,-68.692
3.7276,0.74173,-69.746
3.7927,0.73386,-70.809
3.8589,0.72583,-71.88
3.9263,0.71764,-72.959
3.9949,0.7093,-74.046
4.0646,0.70081,-75.141
4.1356,0.69216,-76.242
4.2078,0.68338,-77.35
4.2813,0.67445,-78.464
4.3561,0.66539,-79.583
4.4322,0.6562,-80.707
4.5096,0.64689,-81.836
4.5883,0.63747,-82.969
4.6685,0.62794,-84.105
4.75,0.61831,-85.245
4.8329,0.60858,-86.386
4.9173,0.59877,-87.529
5.0032,0.58888,-88.674
5.0906,0.57893,-89.819
5.1795,0.56891,-90.965
5.2699,0.55885,-92.109
5.362,0.54874,-93.253
5.4556,0.53861,-94.395
5.5509,0.52845,-95.535
5.6478,0.51828,-96.673
5.7464,0.5081,-97.807
5.8468,0.49793,-98.937
5.9489,0.48778,-100.06
6.0528,0.47765,-101.18
6.1585,0.46756,-102.3
6.266,0.45751,-103.41
6.3755,0.44751,-104.51
6.4868,0.43757,-105.61
6.6001,0.42769,-106.7
6.7153,0.4179,-107.78
6.8326,0.40818,-108.85
6.9519,0.39856,-109.92
7.0733,0.38904,-110.98
7.1969,0.37961,-112.02
7.3225,0.3703,-113.06
7.4504,0.36111,-114.09
7.5805,0.35203,-115.11
7.7129,0.34308,-116.12
7.8476,0.33426,-117.12
7.9846,0.32558,-118.1
8.1241,0.31703,-119.08
8.266,0.30863,-120.04
8.4103,0.30037,-121
8.5572,0.29225,-121.94
8.7066,0.28428,-122.87
8.8587,0.27647,-123.79
9.0134,0.26881,-124.7
9.1708,0.2613,-125.6
9.3309,0.25394,-126.48
9.4939,0.24674,-127.36
9.6597,0.23969,-128.22
9.8284,0.2328,-129.07
10,0.22607,-129.91
10.175,0.21948,-130.73
10.352,0.21305,-131.55
10.533,0.20677,-132.35
10.717,0.20065,-133.14
10.904,0.19467,-133.92
11.095,0.18884,-134.69
11.288,0.18316,-135.45
11.486,0.17762,-136.19
11.686,0.17223,-136.93
11.89,0.16698,-137.65
12.098,0.16186,-138.36
12.309,0.15689,-139.06
12.524,0.15204,-139.75
12.743,0.14733,-140.43
12.965,0.14275,-141.1
13.192,0.1383,-141.75
13.422,0.13397,-142.4
13.656,0.12976,-143.04
13.895,0.12567,-143.66
14.138,0.1217,-144.28
14.384,0.11785,-144.89
14.636,0.11411,-145.48
14.891,0.11047,-146.07
15.151,0.10695,-146.65
15.416,0.10352,-147.21
15.685,0.1002,-147.77
15.959,0.096981,-148.32
16.238,0.093857,-148.86
16.521,0.090828,-149.39
16.81,0.08789,-149.91
17.103,0.085043,-150.43
17.402,0.082282,-150.93
17.706,0.079607,-151.43
18.015,0.077014,-151.92
18.33,0.074501,-152.4
18.65,0.072067,-152.87
18.976,0.069709,-153.33
19.307,0.067424,-153.79
19.644,0.065212,-154.24
19.987,0.063069,-154.68
20.336,0.060994,-155.11
20.691,0.058985,-155.54
21.053,0.05704,-155.95
21.42,0.055157,-156.37
21.794,0.053333,-156.77
22.175,0.051569,-157.17
22.562,0.049861,-157.56
22.956,0.048208,-157.94
23.357,0.046608,-158.32
23.765,0.04506,-158.69
24.18,0.043562,-159.06
24.602,0.042113,-159.42
25.032,0.040711,-159.77
25.469,0.039354,-160.12
25.914,0.038042,-160.46
26.367,0.036772,-160.79
26.827,0.035544,-161.12
27.295,0.034356,-161.45
27.772,0.033207,-161.76
28.257,0.032096,-162.08
28.751,0.031022,-162.38
29.253,0.029982,-162.69
29.764,0.028978,-162.98
30.283,0.028006,-163.28
30.812,0.027066,-163.56
31.35,0.026157,-163.84
31.898,0.025279,-164.12
32.455,0.024429,-164.39
33.022,0.023608,-164.66
33.598,0.022814,-164.92
34.185,0.022047,-165.18
34.782,0.021305,-165.44
35.389,0.020587,-165.69
36.007,0.019894,-165.93
36.636,0.019223,-166.17
37.276,0.018575,-166.41
37.927,0.017949,-166.64
38.589,0.017344,-166.87
39.263,0.016759,-167.1
39.949,0.016193,-167.32
40.646,0.015646,-167.54
41.356,0.015118,-167.75
42.078,0.014607,-167.96
42.813,0.014114,-168.17
43.561,0.013637,-168.37
44.322,0.013176,-168.57
45.096,0.01273,-168.77
45.883,0.0123,-168.96
46.685,0.011884,-169.15
47.5,0.011482,-169.34
48.329,0.011093,-169.52
49.173,0.010718,-169.7
50.032,0.010355,-169.88
50.906,0.010004,-170.05
51.795,0.0096653,-170.22
52.699,0.0093379,-170.39
53.62,0.0090216,-170.55
54.556,0.0087159,-170.71
55.509,0.0084206,-170.87
56.478,0.0081352,-171.03
57.464,0.0078594,-171.18
58.468,0.007593,-171.34
59.489,0.0073355,-171.48
60.528,0.0070867,-171.63
61.585,0.0068464,-171.77
62.66,0.0066142,-171.92
63.755,0.0063898,-172.05
64.868,0.006173,-172.19
66.001,0.0059636,-172.32
67.153,0.0057612,-172.46
68.326,0.0055657,-172.59
69.519,0.0053768,-172.71
70.733,0.0051943,-172.84
71.969,0.0050179,-172.96
73.225,0.0048476,-173.08
74.504,0.004683,-173.2
75.805,0.004524,-173.32
77.129,0.0043704,-173.43
78.476,0.0042219,-173.54
79.846,0.0040786,-173.66
81.241,0.00394,-173.76
82.66,0.0038062,-173.87
84.103,0.0036769,-173.98
85.572,0.003552,-174.08
87.066,0.0034313,-174.18
88.587,0.0033147,-174.28
90.134,0.0032021,-174.38
91.708,0.0030933,-174.48
93.309,0.0029882,-174.57
94.939,0.0028866,-174.66
96.597,0.0027885,-174.76
98.284,0.0026938,-174.85
100,0.0026022,-174.93
