0.1,2.6127,-176.43
0.10175,2.6121,-176.37
0.10352,2.6114,-176.31
0.10533,2.6107,-176.24
0.10717,2.6099,-176.18
0.10904,2.6091,-176.11
0.11095,2.6083,-176.04
0.11288,2.6075,-175.97
0.11486,2.6067,-175.9
0.11686,2.6058,-175.83
0.1189,2.6049,-175.76
0.12098,2.6039,-175.69
0.12309,2.603,-175.61
0.12524,2.6019,-175.53
0.12743,2.6009,-175.46
0.12965,2.5998,-175.38
0.13192,2.5987,-175.3
0.13422,2.5976,-175.22
0.13656,2.5964,-175.13
0.13895,2.5951,-175.05
0.14138,2.5939,-174.96
0.14384,2.5925,-174.88
0.14636,2.5912,-174.79
0.14891,2.5898,-174.7
0.15151,2.5883,-174.61
0.15416,2.5868,-174.51
0.15685,2.5852,-174.42
0.15959,2.5836,-174.32
0.16238,2.582,-174.22
0.16521,2.5802,-174.12
0.1681,2.5785,-174.02
0.17103,2.5766,-173.92
0.17402,2.5747,-173.81
0.17706,2.5728,-173.71
0.18015,2.5708,-173.6
0.1833,2.5687,-173.49
0.1865,2.5665,-173.38
0.18976,2.5643,-173.26
0.19307,2.562,-173.15
0.19644,2.5596,-173.03
0.19987,2.5571,-172.91
0.20336,2.5546,-172.79
0.20691,2.552,-172.66
0.21053,2.5493,-172.54
0.2142,2.5465,-172.41
0.21794,2.5436,-172.28
0.22175,2.5406,-172.15
0.22562,2.5375,-172.01
0.22956,2.5344,-171.87
0.23357,2.5311,-171.74
0.23765,2.5277,-171.59
0.2418,2.5242,-171.45
0.24602,2.5206,-171.31
0.25032,2.5169,-171.16
0.25469,2.5131,-171.01
0.25914,2.5092,-170.85
0.26367,2.5051,-170.7
0.26827,2.5009,-170.54
0.27295,2.4966,-170.38
0.27772,2.4922,-170.22
0.28257,2.4876,-170.05
0.28751,2.4829,-169.88
0.29253,2.478,-169.71
0.29764,2.473,-169.54
0.30283,2.4679,-169.36
0.30812,2.4626,-169.18
0.3135,2.4571,-169
0.31898,2.4515,-168.82
0.32455,2.4457,-168.63
0.33022,2.4398,-168.44
0.33598,2.4336,-168.24
0.34185,2.4273,-168.05
0.34782,2.4209,-167.85
0.35389,2.4142,-167.65
0.36007,2.4074,-167.44
0.36636,2.4004,-167.23
0.37276,2.3932,-167.02
0.37927,2.3858,-166.81
0.38589,2.3782,-166.59
0.39263,2.3703,-166.37
0.39949,2.3623,-166.15
0.40646,2.3541,-165.92
0.41356,2.3457,-165.69
0.42078,2.337,-165.45
0.42813,2.3282,-165.22
0.43561,2.3191,-164.98
0.44322,2.3098,-164.73
0.45096,2.3003,-164.49
0.45883,2.2905,-164.24
0.46685,2.2805,-163.98
0.475,2.2703,-163.73
0.48329,2.2599,-163.46
0.49173,2.2492,-163.2
0.50032,2.2383,-162.93
0.50906,2.2271,-162.66
0.51795,2.2157,-162.39
0.52699,2.2041,-162.11
0.5362,2.1922,-161.83
0.54556,2.1801,-161.55
0.55509,2.1677,-161.26
0.56478,2.1551,-160.97
0.57464,2.1423,-160.68
0.58468,2.1292,-160.38
0.59489,2.1159,-160.08
0.60528,2.1024,-159.77
0.61585,2.0886,-159.46
0.6266,2.0746,-159.15
0.63755,2.0603,-158.84
0.64868,2.0458,-158.52
0.66001,2.0311,-158.2
0.67153,2.0162,-157.88
0.68326,2.001,-157.55
0.69519,1.9857,-157.22
0.70733,1.9701,-156.89
0.71969,1.9543,-156.55
0.73225,1.9384,-156.22
0.74504,1.9222,-155.87
0.75805,1.9058,-155.53
0.77129,1.8893,-155.18
0.78476,1.8726,-154.84
0.79846,1.8557,-154.48
0.81241,1.8386,-154.13
0.8266,1.8214,-153.77
0.84103,1.804,-153.41
0.85572,1.7865,-153.05
0.87066,1.7689,-152.69
0.88587,1.7511,-152.33
0.90134,1.7333,-151.96
0.91708,1.7153,-151.59
0.93309,1.6972,-151.22
0.94939,1.679,-150.85
0.96597,1.6608,-150.48
0.98284,1.6424,-150.1
1,1.624,-149.73
1.0175,1.6056,-149.35
1.0352,1.5871,-148.97
1.0533,1.5685,-148.6
1.0717,1.5499,-148.22
1.0904,1.5314,-147.84
1.1095,1.5128,-147.46
1.1288,1.4942,-147.08
1.1486,1.4756,-146.7
1.1686,1.457,-146.32
1.189,1.4385,-145.95
1.2098,1.4199,-145.57
1.2309,1.4015,-145.19
1.2524,1.3831,-144.82
1.2743,1.3647,-144.44
1.2965,1.3464,-144.07
1.3192,1.3282,-143.7
1.3422,1.3101,-143.33
1.3656,1.292,-142.96
1.3895,1.2741,-142.6
1.4138,1.2562,-142.23
1.4384,1.2385,-141.87
1.4636,1.2209,-141.51
1.4891,1.2034,-141.16
1.5151,1.186,-140.81
1.5416,1.1688,-140.46
1.5685,1.1517,-140.11
1.5959,1.1348,-139.77
1.6238,1.118,-139.43
1.6521,1.1013,-139.1
1.681,1.0848,-138.77
1.7103,1.0685,-138.44
1.7402,1.0523,-138.12
1.7706,1.0363,-137.8
1.8015,1.0205,-137.49
1.833,1.0049,-137.18
1.865,0.98938,-136.88
1.8976,0.97407,-136.59
1.9307,0.95894,-136.3
1.9644,0.944,-136.01
1.9987,0.92923,-135.73
2.0336,0.91465,-135.46
2.0691,0.90025,-135.19
2.1053,0.88604,-134.93
2.142,0.87201,-134.68
2.1794,0.85817,-134.43
2.2175,0.84451,-134.19
2.2562,0.83105,-133.96
2.2956,0.81776,-133.73
2.3357,0.80467,-133.51
2.3765,0.79176,-133.3
2.418,0.77903,-133.1
2.4602,0.76649,-132.9
2.5032,0.75414,-132.71
2.5469,0.74196,-132.53
2.5914,0.72997,-132.36
2.6367,0.71816,-132.2
2.6827,0.70653,-132.04
2.7295,0.69508,-131.89
2.7772,0.68381,-131.76
2.8257,0.67271,-131.63
2.8751,0.66178,-131.5
2.9253,0.65103,-131.39
2.9764,0.64045,-131.29
3.0283,0.63005,-131.19
3.0812,0.6198,-131.11
3.135,0.60973,-131.03
3.1898,0.59982,-130.97
3.2455,0.59007,-130.91
3.3022,0.58049,-130.86
3.3598,0.57106,-130.82
3.4185,0.56179,-130.8
3.4782,0.55268,-130.78
3.5389,0.54372,-130.77
3.6007,0.53491,-130.77
3.6636,0.52626,-130.78
3.7276,0.51775,-130.81
3.7927,0.50939,-130.84
3.8589,0.50117,-130.88
3.9263,0.49309,-130.94
3.9949,0.48516,-131
4.0646,0.47737,-131.07
4.1356,0.46971,-131.16
4.2078,0.46219,-131.26
4.2813,0.4548,-131.36
4.3561,0.44754,-131.48
4.4322,0.44041,-131.61
4.5096,0.43341,-131.75
4.5883,0.42654,-131.91
4.6685,0.41979,-132.07
4.75,0.41317,-132.24
4.8329,0.40667,-132.43
4.9173,0.40028,-132.63
5.0032,0.39402,-132.84
5.0906,0.38787,-133.06
5.1795,0.38183,-133.3
5.2699,0.37591,-133.54
5.362,0.3701,-133.8
5.4556,0.3644,-134.07
5.5509,0.35881,-134.36
5.6478,0.35333,-134.65
5.7464,0.34795,-134.96
5.8468,0.34268,-135.28
5.9489,0.33751,-135.62
6.0528,0.33244,-135.97
6.1585,0.32748,-136.33
6.266,0.32261,-136.7
6.3755,0.31784,-137.09
6.4868,0.31316,-137.49
6.6001,0.30859,-137.9
6.7153,0.3041,-138.33
6.8326,0.29971,-138.77
6.9519,0.29542,-139.23
7.0733,0.29121,-139.7
7.1969,0.28709,-140.19
7.3225,0.28307,-140.69
7.4504,0.27913,-141.2
7.5805,0.27528,-141.73
7.7129,0.27151,-142.28
7.8476,0.26783,-142.84
7.9846,0.26424,-143.41
8.1241,0.26073,-144
8.266,0.2573,-144.61
8.4103,0.25396,-145.23
8.5572,0.2507,-145.87
8.7066,0.24752,-146.52
8.8587,0.24442,-147.19
9.0134,0.2414,-147.88
9.1708,0.23847,-148.58
9.3309,0.23561,-149.3
9.4939,0.23283,-150.04
9.6597,0.23014,-150.8
9.8284,0.22752,-151.57
10,0.22498,-152.36
10.175,0.22252,-153.17
10.352,0.22015,-154
10.533,0.21785,-154.84
10.717,0.21563,-155.71
10.904,0.21349,-156.59
11.095,0.21143,-157.49
11.288,0.20946,-158.42
11.486,0.20756,-159.36
11.686,0.20575,-160.32
11.89,0.20402,-161.3
12.098,0.20238,-162.3
12.309,0.20083,-163.32
12.524,0.19936,-164.36
12.743,0.19798,-165.43
12.965,0.19669,-166.51
13.192,0.1955,-167.62
13.422,0.1944,-168.74
13.656,0.1934,-169.89
13.895,0.1925,-171.06
14.138,0.19171,-172.26
14.384,0.19102,-173.47
14.636,0.19044,-174.71
14.891,0.18998,-175.97
15.151,0.18964,-177.25
15.416,0.18943,-178.56
15.685,0.18935,-179.89
15.959,0.18941,-181.24
16.238,0.18961,-182.62
16.521,0.18998,-184.02
16.81,0.1905,-185.44
17.103,0.19121,-186.88
17.402,0.1921,-188.35
17.706,0.19319,-189.85
18.015,0.1945,-191.36
18.33,0.19604,-192.9
18.65,0.19784,-194.46
18.976,0.19992,-196.04
19.307,0.2023,-197.65
19.644,0.20501,-199.27
19.987,0.2081,-200.91
20.336,0.21159,-202.58
20.691,0.21554,-204.26
21.053,0.22,-205.95
21.42,0.22505,-207.66
21.794,0.23075,-209.38
22.175,0.2372,-211.1
22.562,0.24452,-212.83
22.956,0.25285,-214.56
23.357,0.26235,-216.28
23.765,0.27326,-217.98
24.18,0.28583,-219.66
24.602,0.30042,-221.3
25.032,0.31748,-222.88
25.469,0.33762,-224.39
25.914,0.36166,-225.79
26.367,0.39074,-227.04
26.827,0.42649,-228.09
27.295,0.47132,-228.86
27.772,0.52895,-229.22
28.257,0.60538,-229
28.751,0.71087,-227.9
29.253,0.8641,-225.46
29.764,1.1012,-220.91
30.283,1.4906,-212.99
30.812,2.1043,-200.18
31.35,2.6237,-182.35
31.898,2.2618,-163.51
32.455,1.5834,-148.9
33.022,1.1289,-139.65
33.598,0.85715,-134.41
34.185,0.68572,-131.78
34.782,0.57007,-130.82
35.389,0.48762,-130.98
36.007,0.42628,-131.91
36.636,0.37914,-133.41
37.276,0.342,-135.33
37.927,0.31217,-137.58
38.589,0.28787,-140.09
39.263,0.26784,-142.83
39.949,0.25123,-145.76
40.646,0.23739,-148.85
41.356,0.22585,-152.09
42.078,0.21627,-155.45
42.813,0.20839,-158.94
43.561,0.20203,-162.53
44.322,0.19703,-166.22
45.096,0.19331,-170.01
45.883,0.19081,-173.88
46.685,0.18953,-177.83
47.5,0.18948,-181.86
48.329,0.19073,-185.95
49.173,0.19339,-190.1
50.032,0.19764,-194.3
50.906,0.20373,-198.53
51.795,0.21204,-202.78
52.699,0.2231,-207.02
53.62,0.23771,-211.23
54.556,0.25707,-215.35
55.509,0.28305,-219.31
56.478,0.31877,-222.99
57.464,0.36976,-226.18
58.468,0.44679,-228.5
59.489,0.57379,-229.17
60.528,0.81498,-226.32
61.585,1.3876,-215.09
62.66,2.5763,-186.1
63.755,1.7089,-151.46
64.868,0.91364,-135.44
66.001,0.60356,-130.99
67.153,0.45087,-131.43
68.326,0.36211,-134.19
69.519,0.30517,-138.23
70.733,0.2664,-143.06
71.969,0.23909,-148.43
73.225,0.21961,-154.19
74.504,0.20587,-160.25
75.805,0.19665,-166.55
77.129,0.19125,-173.04
78.476,0.18935,-179.68
79.846,0.19097,-186.45
81.241,0.19647,-193.29
82.66,0.20662,-200.15
84.103,0.22294,-206.97
85.572,0.24816,-213.61
87.066,0.28759,-219.87
88.587,0.35259,-225.31
90.134,0.47201,-228.87
91.708,0.74385,-227.44
93.309,1.6911,-208.9
94.939,1.9911,-157.34
96.597,0.80044,-133.44
98.284,0.48055,-131.04
100,0.34764,-134.98
