0,0
0.012531,0
0.025063,0
0.037594,0
0.050125,0
0.062657,0
0.075188,0
0.087719,0
0.10025,0
0.11278,0
0.12531,0
0.13784,0
0.15038,0
0.16291,0
0.17544,0
0.18797,0
0.2005,0.004596
0.21303,0.11802
0.22556,0.22864
0.2381,0.33653
0.25063,0.44175
0.26316,0.54436
0.27569,0.64442
0.28822,0.742
0.30075,0.83716
0.31328,0.92998
0.32581,1.0205
0.33835,1.1088
0.35088,1.1949
0.36341,1.2789
0.37594,1.3607
0.38847,1.4406
0.401,1.5188
0.41353,1.5867
0.42607,1.6408
0.4386,1.6814
0.45113,1.7089
0.46366,1.7237
0.47619,1.7266
0.48872,1.7183
0.50125,1.6992
0.51378,1.6699
0.52632,1.631
0.53885,1.583
0.55138,1.5262
0.56391,1.4612
0.57644,1.3883
0.58897,1.3081
0.6015,1.2209
0.61404,1.1275
0.62657,1.0297
0.6391,0.92881
0.65163,0.82659
0.66416,0.7246
0.67669,0.62431
0.68922,0.52687
0.70175,0.43337
0.71429,0.34489
0.72682,0.26257
0.73935,0.18731
0.75188,0.11991
0.76441,0.06111
0.77694,0.01164
0.78947,-0.027847
0.80201,-0.056804
0.81454,-0.074812
0.82707,-0.081492
0.8396,-0.076617
0.85213,-0.060316
0.86466,-0.032901
0.87719,0.0053128
0.88972,0.05385
0.90226,0.11209
0.91479,0.17919
0.92732,0.25421
0.93985,0.33626
0.95238,0.42442
0.96491,0.51751
0.97744,0.61442
0.98997,0.71392
1.0025,0.81478
1.015,0.91576
1.0276,1.0156
1.0401,1.113
1.0526,1.2067
1.0652,1.2957
1.0777,1.3786
1.0902,1.4545
1.1028,1.5223
1.1153,1.5813
1.1278,1.631
1.1404,1.6705
1.1529,1.6993
1.1654,1.7168
1.1779,1.7231
1.1905,1.7183
1.203,1.7023
1.2155,1.6753
1.2281,1.6373
1.2406,1.589
1.2531,1.5311
1.2657,1.4644
1.2782,1.3897
1.2907,1.3077
1.3033,1.2195
1.3158,1.1264
1.3283,1.0295
1.3409,0.93003
1.3534,0.8291
1.3659,0.72806
1.3784,0.62825
1.391,0.53087
1.4035,0.43709
1.416,0.34811
1.4286,0.26509
1.4411,0.18906
1.4536,0.12096
1.4662,0.061685
1.4787,0.011979
1.4912,-0.02757
1.5038,-0.056478
1.5163,-0.074324
1.5288,-0.080861
1.5414,-0.076106
1.5539,-0.060126
1.5664,-0.033047
1.5789,0.0048341
1.5915,0.053006
1.604,0.11075
1.6165,0.17736
1.6291,0.25211
1.6416,0.33405
1.6541,0.42215
1.6667,0.51523
1.6792,0.61211
1.6917,0.71159
1.7043,0.81248
1.7168,0.91349
1.7293,1.0133
1.7419,1.1107
1.7544,1.2045
1.7669,1.2935
1.7794,1.3764
1.792,1.4524
1.8045,1.5205
1.817,1.5799
1.8296,1.6298
1.8421,1.6693
1.8546,1.6981
1.8672,1.7161
1.8797,1.723
1.8922,1.7186
1.9048,1.7028
1.9173,1.6757
1.9298,1.6379
1.9424,1.59
1.9549,1.5325
1.9674,1.4661
1.9799,1.3914
1.9925,1.3095
2.005,1.2216
2.0175,1.1287
2.0301,1.0319
2.0426,0.9324
2.0551,0.83153
2.0677,0.73058
2.0802,0.63076
2.0927,0.53328
2.1053,0.43938
2.1178,0.35033
2.1303,0.26719
2.1429,0.19097
2.1554,0.1227
2.1679,0.063223
2.1805,0.013268
2.193,-0.026532
2.2055,-0.055656
2.218,-0.073742
2.2306,-0.080629
2.2431,-0.076173
2.2556,-0.060407
2.2682,-0.033516
2.2807,0.0040476
2.2932,0.051817
2.3058,0.10932
2.3183,0.17578
2.3308,0.25044
2.3434,0.33224
2.3559,0.42009
2.3684,0.51294
2.381,0.60972
2.3935,0.70918
2.406,0.81002
2.4185,0.911
2.4311,1.0109
2.4436,1.1083
2.4561,1.2022
2.4687,1.2912
2.4812,1.3743
2.4937,1.4506
2.5063,1.5189
2.5188,1.5783
2.5313,1.6282
2.5439,1.6681
2.5564,1.6975
2.5689,1.716
2.5815,1.7231
2.594,1.7186
2.6065,1.7028
2.619,1.6762
2.6316,1.6389
2.6441,1.5914
2.6566,1.5339
2.6692,1.4675
2.6817,1.393
2.6942,1.3115
2.7068,1.2238
2.7193,1.131
2.7318,1.0342
2.7444,0.93483
2.7569,0.83407
2.7694,0.73311
2.782,0.63317
2.7945,0.53566
2.807,0.44177
2.8195,0.3526
2.8321,0.26928
2.8446,0.19289
2.8571,0.12444
2.8697,0.064728
2.8822,0.01456
2.8947,-0.025463
2.9073,-0.054873
2.9198,-0.073263
2.9323,-0.080355
2.9449,-0.076154
2.9574,-0.06073
2.9699,-0.034192
2.9825,0.0031472
2.995,0.050816
3.0075,0.10809
3.0201,0.17425
3.0326,0.24857
3.0451,0.33014
3.0576,0.41792
3.0702,0.51074
3.0827,0.60742
3.0952,0.70675
3.1078,0.80754
3.1203,0.90853
3.1328,1.0084
3.1454,1.1059
3.1579,1.1998
3.1704,1.289
3.183,1.3722
3.1955,1.4485
3.208,1.517
3.2206,1.5769
3.2331,1.6272
3.2456,1.6672
3.2581,1.6966
3.2707,1.715
3.2832,1.7224
3.2957,1.7186
3.3083,1.7034
3.3208,1.6769
3.3333,1.6396
3.3459,1.5922
3.3584,1.5352
3.3709,1.4692
3.3835,1.3949
3.396,1.3134
3.4085,1.2258
3.4211,1.1332
3.4336,1.0366
3.4461,0.93725
3.4586,0.83646
3.4712,0.73554
3.4837,0.63568
3.4962,0.53811
3.5088,0.44406
3.5213,0.35479
3.5338,0.27137
3.5464,0.19484
3.5589,0.12618
3.5714,0.066291
3.584,0.015885
3.5965,-0.024409
3.609,-0.054053
3.6216,-0.072671
3.6341,-0.080098
3.6466,-0.076208
3.6591,-0.061004
3.6717,-0.034658
3.6842,0.0023892
3.6967,0.049652
3.7093,0.10665
3.7218,0.17265
3.7343,0.24689
3.7469,0.32833
3.7594,0.41589
3.7719,0.50848
3.7845,0.60502
3.797,0.70434
3.8095,0.8051
3.8221,0.90604
3.8346,1.0059
3.8471,1.1035
3.8596,1.1975
3.8722,1.2867
3.8847,1.3701
3.8972,1.4467
3.9098,1.5154
3.9223,1.5753
3.9348,1.6256
3.9474,1.6659
3.9599,1.6958
3.9724,1.7148
3.985,1.7225
3.9975,1.7186
4.01,1.7034
4.0226,1.6773
4.0351,1.6405
4.0476,1.5935
4.0602,1.5366
4.0727,1.4706
4.0852,1.3966
4.0977,1.3154
4.1103,1.228
4.1228,1.1355
4.1353,1.0389
4.1479,0.93967
4.1604,0.83899
4.1729,0.73807
4.1855,0.63812
4.198,0.54049
4.2105,0.44644
4.2231,0.35707
4.2356,0.27348
4.2481,0.19676
4.2607,0.12794
4.2732,0.067814
4.2857,0.017182
4.2982,-0.023321
4.3108,-0.053245
4.3233,-0.072178
4.3358,-0.079829
4.3484,-0.076162
4.3609,-0.061285
4.3734,-0.035303
4.386,0.001465
4.3985,0.048625
4.411,0.10545
4.4236,0.17117
4.4361,0.24505
4.4486,0.32625
4.4612,0.41368
4.4737,0.50624
4.4862,0.60272
4.4987,0.70191
4.5113,0.8026
4.5238,0.90356
4.5363,1.0035
4.5489,1.101
4.5614,1.1951
4.5739,1.2845
4.5865,1.368
4.599,1.4446
4.6115,1.5135
4.6241,1.5737
4.6366,1.6245
4.6491,1.6651
4.6617,1.695
4.6742,1.7139
4.6867,1.7218
4.6992,1.7185
4.7118,1.704
4.7243,1.678
4.7368,1.6413
4.7494,1.5943
4.7619,1.5378
4.7744,1.4723
4.787,1.3985
4.7995,1.3173
4.812,1.23
4.8246,1.1376
4.8371,1.0413
4.8496,0.94212
4.8622,0.8414
4.8747,0.74049
4.8872,0.64061
4.8997,0.54296
4.9123,0.44875
4.9248,0.35926
4.9373,0.27558
4.9499,0.19873
4.9624,0.1297
4.9749,0.06939
4.9875,0.018519
5,-0.022249
